1.96116356330032e-12,2.06535648847032e-12
1.96224469671123e-12,2.07122602944387e-12
1.96332391883924e-12,2.07710405860116e-12
1.96440122586787e-12,2.08299051395599e-12
1.96547661390509e-12,2.08888533269307e-12
1.96655007898298e-12,2.09478845116328e-12
1.96762161705746e-12,2.100699804879e-12
1.96869122400803e-12,2.10661932850933e-12
1.96975889563748e-12,2.11254695587543e-12
1.97082462767159e-12,2.11848261994567e-12
1.97188841575889e-12,2.12442625283093e-12
1.97295025547036e-12,2.13037778577982e-12
1.97401014229917e-12,2.13633714917379e-12
1.97506807166045e-12,2.14230427252245e-12
1.97612403889094e-12,2.14827908445859e-12
1.97717803924879e-12,2.15426151273344e-12
1.97823006791331e-12,2.16025148421171e-12
1.97928011998462e-12,2.1662489248668e-12
1.98032819048348e-12,2.17225375977576e-12
1.98137427435097e-12,2.17826591311444e-12
1.98241836644826e-12,2.18428530815254e-12
1.98346046155631e-12,2.19031186724859e-12
1.98450055437564e-12,2.19634551184497e-12
1.98553863952605e-12,2.20238616246289e-12
1.98657471154633e-12,2.20843373869734e-12
1.98760876489404e-12,2.21448815921203e-12
1.98864079394521e-12,2.22054934173425e-12
1.98967079299405e-12,2.22661720304982e-12
1.99069875625271e-12,2.23269165899787e-12
1.99172467785098e-12,2.23877262446572e-12
1.99274855183601e-12,2.24486001338362e-12
1.99377037217203e-12,2.2509537387196e-12
1.99479013274008e-12,2.25705371247414e-12
1.99580782733764e-12,2.26315984567488e-12
1.99682344967845e-12,2.26927204837137e-12
1.99783699339211e-12,2.27539022962965e-12
1.9988484520238e-12,2.28151429752689e-12
1.999857819034e-12,2.28764415914603e-12
2.00086508779812e-12,2.29377972057026e-12
2.00187025160621e-12,2.29992088687759e-12
2.00287330366261e-12,2.30606756213535e-12
2.00387423708563e-12,2.31221964939463e-12
2.00487304490717e-12,2.31837705068471e-12
2.00586972007241e-12,2.32453966700747e-12
2.00686425543942e-12,2.33070739833172e-12
2.0078566437788e-12,2.33688014358756e-12
2.0088468777733e-12,2.34305780066068e-12
2.00983495001743e-12,2.34924026638652e-12
2.01082085301709e-12,2.35542743654465e-12
2.01180457918912e-12,2.36161920585281e-12
2.01278612086092e-12,2.36781546796111e-12
2.01376547027003e-12,2.37401611544621e-12
2.01474261956365e-12,2.38022103980529e-12
2.01571756079827e-12,2.38643013145015e-12
2.01669028593914e-12,2.39264327970122e-12
2.01766078685983e-12,2.39886037278153e-12
2.01862905534177e-12,2.4050812978106e-12
2.01959508307373e-12,2.41130594079839e-12
2.02055886165134e-12,2.41753418663916e-12
2.02152038257656e-12,2.42376591910525e-12
2.02247963725714e-12,2.43000102084091e-12
2.02343661700612e-12,2.43623937335606e-12
2.02439131304122e-12,2.44248085701997e-12
2.02534371648433e-12,2.44872535105497e-12
2.02629381836088e-12,2.45497273353012e-12
2.02724160959927e-12,2.46122288135478e-12
2.02818708103022e-12,2.46747567027221e-12
2.02913022338624e-12,2.47373097485313e-12
2.03007102730088e-12,2.47998866848924e-12
2.03100948330813e-12,2.48624862338665e-12
2.03194558184174e-12,2.49251071055939e-12
2.03287931323453e-12,2.49877479982277e-12
2.03381066771771e-12,2.50504075978685e-12
2.03473963542013e-12,2.5113084578497e-12
2.03566620636758e-12,2.51757776019078e-12
2.03659037048197e-12,2.52384853176423e-12
2.03751211758068e-12,2.53012063629216e-12
2.03843143737567e-12,2.53639393625785e-12
2.03934831947271e-12,2.54266829289899e-12
2.0402627533706e-12,2.54894356620092e-12
2.04117472846029e-12,2.55521961488969e-12
2.04208423402405e-12,2.56149629642533e-12
2.04299125923457e-12,2.56777346699489e-12
2.04389579315411e-12,2.57405098150556e-12
2.0447978247336e-12,2.58032869357784e-12
2.04569734281167e-12,2.58660645553847e-12
2.04659433611372e-12,2.59288411841356e-12
2.04748879325101e-12,2.59916153192167e-12
2.04838070271962e-12,2.60543854446676e-12
2.04927005289948e-12,2.61171500313122e-12
2.05015683205338e-12,2.61799075366894e-12
2.05104102832588e-12,2.6242656404982e-12
2.05192262974231e-12,2.63053950669477e-12
2.05280162420767e-12,2.63681219398481e-12
2.05367799950557e-12,2.64308354273791e-12
2.05455174329709e-12,2.64935339196007e-12
2.05542284311967e-12,2.65562157928664e-12
2.05629128638597e-12,2.66188794097537e-12
2.0571570603827e-12,2.66815231189937e-12
2.05802015226945e-12,2.67441452554014e-12
2.0588805490775e-12,2.68067441398057e-12
2.05973823770855e-12,2.68693180789797e-12
2.06059320493356e-12,2.6931865365571e-12
2.06144543739144e-12,2.69943842780331e-12
2.06229492158781e-12,2.70568730805551e-12
2.06314164389368e-12,2.71193300229936e-12
2.06398559054418e-12,2.7181753340804e-12
2.06482674763722e-12,2.72441412549716e-12
2.06566510113212e-12,2.73064919719443e-12
2.06650063684831e-12,2.73688036835642e-12
2.0673333404639e-12,2.7431074567001e-12
2.06816319751432e-12,2.74933027846845e-12
2.06899019339088e-12,2.75554864842386e-12
2.06981431333937e-12,2.7617623798415e-12
2.07063554245862e-12,2.76797128450281e-12
2.07145386569902e-12,2.77417517268899e-12
2.07226926786106e-12,2.78037385317455e-12
2.07308173359382e-12,2.78656713322097e-12
2.07389124739352e-12,2.7927548185704e-12
2.07469779360194e-12,2.7989367134394e-12
2.0755013564049e-12,2.80511262051274e-12
2.07630191983074e-12,2.81128234093744e-12
2.07709946774874e-12,2.81744567431661e-12
2.07789398386755e-12,2.82360241870365e-12
2.07868545173357e-12,2.82975237059633e-12
2.07947385472941e-12,2.83589532493111e-12
2.08025917607222e-12,2.84203107507748e-12
2.08104139881211e-12,2.84815941283237e-12
2.08182050583048e-12,2.85428012841482e-12
2.0825964798384e-12,2.86039301046054e-12
2.08336930337492e-12,2.86649784601677e-12
2.08413895880544e-12,2.87259442053714e-12
2.08490542832002e-12,2.87868251787677e-12
2.08566869393166e-12,2.88476192028734e-12
2.08642873747468e-12,2.89083240841245e-12
2.08718554060295e-12,2.89689376128302e-12
2.0879390847882e-12,2.90294575631287e-12
2.08868935131833e-12,2.90898816929444e-12
2.08943632129566e-12,2.91502077439465e-12
2.09017997563522e-12,2.92104334415097e-12
2.09092029506299e-12,2.92705564946755e-12
2.09165726011421e-12,2.93305745961165e-12
2.0923908511316e-12,2.93904854221012e-12
2.09312104826362e-12,2.94502866324614e-12
2.09384783146276e-12,2.95099758705612e-12
2.09457118048373e-12,2.95695507632676e-12
2.0952910748818e-12,2.96290089209238e-12
2.09600749401097e-12,2.96883479373234e-12
2.09672041702226e-12,2.97475653896878e-12
2.09742982286197e-12,2.98066588386448e-12
2.09813569026989e-12,2.98656258282099e-12
2.09883799777763e-12,2.99244638857699e-12
2.09953672370685e-12,2.99831705220683e-12
2.10023184616749e-12,3.00417432311933e-12
2.10092334305608e-12,3.01001794905683e-12
2.10161119205403e-12,3.01584767609449e-12
2.1022953706259e-12,3.02166324863982e-12
2.10297585601763e-12,3.02746440943244e-12
2.10365262525497e-12,3.03325089954423e-12
2.10432565514169e-12,3.03902245837957e-12
2.1049949222579e-12,3.04477882367599e-12
2.10566040295846e-12,3.05051973150507e-12
2.10632207337123e-12,3.05624491627359e-12
2.10697990939548e-12,3.06195411072503e-12
2.10763388670028e-12,3.0676470459413e-12
2.1082839807228e-12,3.07332345134488e-12
2.1089301666668e-12,3.07898305470116e-12
2.10957241950101e-12,3.08462558212119e-12
2.11021071395755e-12,3.09025075806467e-12
2.11084502453041e-12,3.09585830534338e-12
2.11147532547391e-12,3.10144794512483e-12
2.1121015908012e-12,3.10701939693635e-12
2.11272379428277e-12,3.11257237866948e-12
2.11334190944498e-12,3.11810660658471e-12
2.11395590956865e-12,3.12362179531666e-12
2.1145657676876e-12,3.12911765787947e-12
2.11517145658731e-12,3.13459390567278e-12
2.11577294880353e-12,3.14005024848789e-12
2.11637021662094e-12,3.14548639451447e-12
2.11696323207188e-12,3.15090205034752e-12
2.11755196693503e-12,3.15629692099485e-12
2.1181363927342e-12,3.16167070988493e-12
2.11871648073709e-12,3.1670231188751e-12
2.11929220195412e-12,3.17235384826028e-12
2.11986352713732e-12,3.17766259678203e-12
2.12043042677916e-12,3.18294906163816e-12
2.12099287111149e-12,3.1882129384926e-12
2.12155083010456e-12,3.19345392148586e-12
2.12210427346594e-12,3.19867170324591e-12
2.1226531706396e-12,3.20386597489948e-12
2.12319749080501e-12,3.20903642608383e-12
2.12373720287624e-12,3.21418274495906e-12
2.12427227550109e-12,3.2193046182207e-12
2.12480267706041e-12,3.2244017311131e-12
2.12532837566721e-12,3.22947376744298e-12
2.12584933916609e-12,3.23452040959364e-12
2.12636553513249e-12,3.23954133853968e-12
2.12687693087216e-12,3.24453623386216e-12
2.12738349342056e-12,3.24950477376426e-12
2.12788518954238e-12,3.25444663508753e-12
2.12838198573106e-12,3.25936149332861e-12
2.12887384820845e-12,3.26424902265644e-12
2.12936074292438e-12,3.26910889593003e-12
2.12984263555643e-12,3.27394078471687e-12
2.1303194915097e-12,3.27874435931168e-12
2.13079127591658e-12,3.28351928875586e-12
2.13125795363668e-12,3.28826524085739e-12
2.13171948925675e-12,3.29298188221141e-12
2.1321758470907e-12,3.29766887822124e-12
2.13262699117962e-12,3.30232589311998e-12
2.13307288529191e-12,3.30695258999274e-12
2.13351349292354e-12,3.31154863079944e-12
2.13394877729821e-12,3.31611367639809e-12
2.13437870136772e-12,3.3206473865688e-12
2.13480322781233e-12,3.32514942003818e-12
2.13522231904123e-12,3.32961943450459e-12
2.13563593719303e-12,3.33405708666371e-12
2.13604404413642e-12,3.33846203223492e-12
2.13644660147074e-12,3.34283392598818e-12
2.13684357052676e-12,3.3471724217715e-12
2.13723491236751e-12,3.35147717253909e-12
2.13762058778909e-12,3.35574783038004e-12
2.1380005573217e-12,3.35998404654772e-12
2.13837478123059e-12,3.36418547148967e-12
2.13874321951725e-12,3.36835175487818e-12
2.13910583192051e-12,3.37248254564155e-12
2.13946257791787e-12,3.37657749199579e-12
2.1398134167268e-12,3.38063624147718e-12
2.14015830730615e-12,3.38465844097532e-12
2.14049720835769e-12,3.38864373676673e-12
2.14083007832767e-12,3.39259177454938e-12
2.14115687540848e-12,3.39650219947748e-12
2.14147755754042e-12,3.40037465619721e-12
2.1417920824135e-12,3.40420878888289e-12
2.14210040746938e-12,3.40800424127392e-12
2.14240248990337e-12,3.41176065671228e-12
2.14269828666653e-12,3.41547767818066e-12
2.1429877544678e-12,3.41915494834132e-12
2.14327084977634e-12,3.42279210957553e-12
2.1435475288238e-12,3.42638880402356e-12
2.14381774760686e-12,3.42994467362557e-12
2.14408146188964e-12,3.43345936016277e-12
2.14433862720645e-12,3.43693250529964e-12
2.14458919886439e-12,3.44036375062636e-12
2.14483313194626e-12,3.44375273770228e-12
2.14507038131336e-12,3.44709910809971e-12
2.14530090160856e-12,3.45040250344854e-12
2.14552464725932e-12,3.45366256548133e-12
2.14574157248092e-12,3.45687893607929e-12
2.14595163127974e-12,3.4600512573186e-12
2.14615477745651e-12,3.46317917151749e-12
2.14635096460995e-12,3.46626232128403e-12
2.14654014614019e-12,3.46930034956435e-12
2.14672227525247e-12,3.47229289969168e-12
2.14689730496091e-12,3.4752396154358e-12
2.14706518809232e-12,3.47814014105334e-12
2.14722587729015e-12,3.48099412133842e-12
2.14737932501857e-12,3.4838012016742e-12
2.14752548356655e-12,3.48656102808472e-12
2.14766430505213e-12,3.48927324728757e-12
2.14779574142673e-12,3.49193750674702e-12
2.14791974447963e-12,3.49455345472784e-12
2.14803626584243e-12,3.49712074034961e-12
2.14814525699372e-12,3.49963901364162e-12
2.14824666926381e-12,3.50210792559841e-12
2.14834045383953e-12,3.50452712823584e-12
2.14842656176916e-12,3.50689627464763e-12
2.14850494396746e-12,3.5092150190626e-12
2.14857555122076e-12,3.51148301690237e-12
2.14863833419222e-12,3.5136999248396e-12
2.14869324342711e-12,3.51586540085679e-12
2.14874022935823e-12,3.5179791043056e-12
2.14877924231144e-12,3.52004069596663e-12
2.14881023251123e-12,3.52204983810983e-12
2.14883315008644e-12,3.52400619455521e-12
2.14884794507608e-12,3.52590943073433e-12
2.14885456743523e-12,3.52775921375199e-12
2.14885296704098e-12,3.52955521244851e-12
2.14884309369857e-12,3.53129709746254e-12
2.14882489714759e-12,3.5329845412942e-12
2.14879832706819e-12,3.53461721836876e-12
2.14876333308755e-12,3.53619480510071e-12
2.14871986478625e-12,3.53771697995823e-12
2.14866787170491e-12,3.53918342352812e-12
2.14860730335083e-12,3.54059381858115e-12
2.14853810920468e-12,3.54194785013769e-12
2.14846023872744e-12,3.54324520553389e-12
2.14837364136724e-12,3.54448557448802e-12
2.14827826656643e-12,3.54566864916738e-12
2.14817406376867e-12,3.54679412425534e-12
2.14806098242616e-12,3.54786169701897e-12
2.14793897200686e-12,3.54887106737663e-12
2.14780798200198e-12,3.5498219379663e-12
2.1476679619333e-12,3.55071401421377e-12
2.14751886136082e-12,3.55154700440138e-12
2.14736062989035e-12,3.55232061973702e-12
2.14719321718124e-12,3.55303457442321e-12
2.14701657295414e-12,3.55368858572653e-12
2.14683064699892e-12,3.55428237404726e-12
2.14663538918263e-12,3.55481566298927e-12
