1.42691146638136e-12,2.65521941277587e-12
1.42938012357001e-12,2.6636299911632e-12
1.43185506943073e-12,2.67200003263709e-12
1.43433610606155e-12,2.68032808499069e-12
1.43682302700168e-12,2.6886126743955e-12
1.43931561708669e-12,2.69685230564901e-12
1.44181365230831e-12,2.7050454624465e-12
1.44431689967899e-12,2.71319060767693e-12
1.44682511710144e-12,2.72128618374311e-12
1.44933805324347e-12,2.72933061290651e-12
1.45185544741818e-12,2.73732229765668e-12
1.45437702946997e-12,2.74525962110553e-12
1.45690251966627e-12,2.75314094740651e-12
1.45943162859553e-12,2.76096462219883e-12
1.46196405707142e-12,2.76872897307674e-12
1.46449949604353e-12,2.77643231008393e-12
1.46703762651487e-12,2.78407292623306e-12
1.46957811946622e-12,2.79164909805051e-12
1.47212063578751e-12,2.79915908614604e-12
1.47466482621662e-12,2.80660113580771e-12
1.47721033128554e-12,2.81397347762164e-12
1.47975678127414e-12,2.8212743281166e-12
1.48230379617184e-12,2.82850189043344e-12
1.48485098564715e-12,2.83565435501904e-12
1.48739794902534e-12,2.84272990034454e-12
1.48994427527439e-12,2.84972669364799e-12
1.49248954299937e-12,2.85664289170068e-12
1.49503332044528e-12,2.86347664159738e-12
1.49757516550863e-12,2.87022608156983e-12
1.50011462575775e-12,2.87688934182338e-12
1.50265123846206e-12,2.88346454539641e-12
1.50518453063028e-12,2.88994980904211e-12
1.50771401905775e-12,2.89634324413222e-12
1.51023921038298e-12,2.90264295758245e-12
1.51275960115343e-12,2.90884705279896e-12
1.51527467790065e-12,2.91495363064559e-12
1.51778391722477e-12,2.92096079043119e-12
1.52028678588853e-12,2.92686663091673e-12
1.52278274092077e-12,2.93266925134146e-12
1.52527122972943e-12,2.93836675246763e-12
1.5277516902242e-12,2.94395723764327e-12
1.53022355094866e-12,2.94943881388219e-12
1.53268623122208e-12,2.95480959296089e-12
1.53513914129083e-12,2.96006769253129e-12
1.53758168248932e-12,2.96521123724904e-12
1.54001324741052e-12,2.97023835991641e-12
1.5424332200861e-12,2.9751472026391e-12
1.54484097617596e-12,2.97993591799622e-12
1.54723588316726e-12,2.98460267022278e-12
1.54961730058293e-12,2.98914563640373e-12
1.55198458019936e-12,2.9935630076787e-12
1.55433706627347e-12,2.99785299045699e-12
1.55667409577892e-12,3.00201380764133e-12
1.55899499865133e-12,3.00604369986019e-12
1.56129909804261e-12,3.00994092670726e-12
1.56358571058398e-12,3.01370376798749e-12
1.56585414665787e-12,3.01733052496855e-12
1.56810371067834e-12,3.02081952163705e-12
1.57033370137996e-12,3.02416910595825e-12
1.57254341211503e-12,3.02737765113852e-12
1.5747321311589e-12,3.03044355688947e-12
1.57689914202336e-12,3.03336525069284e-12
1.57904372377765e-12,3.03614118906499e-12
1.5811651513773e-12,3.03876985882018e-12
1.5832626960002e-12,3.04124977833144e-12
1.58533562538993e-12,3.04357949878807e-12
1.58738320420615e-12,3.04575760544878e-12
1.58940469438168e-12,3.04778271888928e-12
1.59139935548615e-12,3.04965349624343e-12
1.59336644509593e-12,3.05136863243666e-12
1.59530521917017e-12,3.05292686141099e-12
1.5972149324326e-12,3.05432695733998e-12
1.59909483875887e-12,3.05556773583324e-12
1.6009441915692e-12,3.05664805512873e-12
1.60276224422597e-12,3.0575668172724e-12
1.60454825043612e-12,3.05832296928361e-12
1.60630146465788e-12,3.05891550430549e-12
1.60802114251172e-12,3.05934346273923e-12
1.60970654119508e-12,3.05960593336094e-12
1.61135691990067e-12,3.05970205442041e-12
1.61297154023792e-12,3.0596310147203e-12
1.61454966665745e-12,3.05939205467513e-12
1.61609056687803e-12,3.05898446734857e-12
1.61759351231578e-12,3.05840759946841e-12
1.61905777851541e-12,3.05766085241793e-12
1.6204826455829e-12,3.05674368320272e-12
1.62186739861954e-12,3.05565560539194e-12
1.62321132815687e-12,3.05439619003308e-12
1.62451373059211e-12,3.05296506653918e-12
1.62577390862392e-12,3.05136192354748e-12
1.62699117168792e-12,3.04958650974879e-12
1.62816483639182e-12,3.04763863468633e-12
1.62929422694965e-12,3.04551816952338e-12
1.6303786756148e-12,3.04322504777875e-12
1.63141752311157e-12,3.04075926602914e-12
1.63241011906476e-12,3.03812088457762e-12
1.63335582242698e-12,3.03531002808739e-12
1.6342540019034e-12,3.03232688617987e-12
1.63510403637348e-12,3.02917171399663e-12
1.63590531530937e-12,3.02584483272404e-12
1.63665723919061e-12,3.02234663008014e-12
1.6373592199148e-12,3.01867756076296e-12
1.63801068120384e-12,3.01483814685955e-12
1.63861105900549e-12,3.01082897821517e-12
1.6391598018897e-12,3.00665071276184e-12
1.63965637143962e-12,3.0023040768059e-12
1.64010024263672e-12,2.9977898652737e-12
1.64049090423988e-12,2.99310894191521e-12
1.6408278591579e-12,2.98826223946475e-12
1.64111062481529e-12,2.98325075975858e-12
1.64133873351089e-12,2.97807557380875e-12
1.64151173276903e-12,2.97273782183297e-12
1.641629185683e-12,2.96723871323993e-12
1.64169067125029e-12,2.96157952656991e-12
1.64169578469959e-12,2.95576160939025e-12
1.64164413780895e-12,2.9497863781455e-12
1.64153535921509e-12,2.94365531796193e-12
1.64136909471334e-12,2.93736998240629e-12
1.641145007548e-12,2.93093199319868e-12
1.64086277869299e-12,2.92434303987922e-12
1.64052210712223e-12,2.9176048794287e-12
1.64012271006977e-12,2.91071933584304e-12
1.63966432327929e-12,2.90368829966145e-12
1.63914670124268e-12,2.89651372744861e-12
1.63856961742758e-12,2.88919764123058e-12
1.63793286449363e-12,2.8817421278849e-12
1.63723625449705e-12,2.87414933848482e-12
1.63647961908364e-12,2.86642148759786e-12
1.6356628096697e-12,2.85856085253907e-12
1.6347856976109e-12,2.8505697725791e-12
1.63384817435881e-12,2.84245064810755e-12
1.6328501516049e-12,2.83420593975173e-12
1.63179156141201e-12,2.82583816745157e-12
1.63067235633288e-12,2.81734990949062e-12
1.62949250951592e-12,2.8087438014842e-12
1.62825201479779e-12,2.80002253532462e-12
1.62695088678287e-12,2.79118885808451e-12
1.62558916090945e-12,2.78224557087848e-12
1.62416689350255e-12,2.77319552768401e-12
1.6226841618133e-12,2.76404163412204e-12
1.62114106404476e-12,2.75478684619803e-12
1.61953771936418e-12,2.74543416900425e-12
1.61787426790169e-12,2.73598665538417e-12
1.61615087073523e-12,2.72644740455938e-12
1.61436770986181e-12,2.7168195607204e-12
1.61252498815516e-12,2.70710631158195e-12
1.61062292930956e-12,2.69731088690357e-12
1.60866177777002e-12,2.68743655697677e-12
1.60664179864888e-12,2.67748663107949e-12
1.60456327762859e-12,2.66746445589888e-12
1.6024265208511e-12,2.65737341392366e-12
1.60023185479362e-12,2.64721692180693e-12
1.59797962613091e-12,2.63699842870055e-12
1.59567020158427e-12,2.62672141456239e-12
1.59330396775719e-12,2.61638938843742e-12
1.59088133095786e-12,2.60600588671395e-12
1.58840271700858e-12,2.59557447135625e-12
1.58586857104231e-12,2.58509872811466e-12
1.5832793572864e-12,2.5745822647147e-12
1.58063555883364e-12,2.56402870902613e-12
1.57793767740092e-12,2.5534417072137e-12
1.57518623307553e-12,2.54282492187046e-12
1.57238176404939e-12,2.5321820301354e-12
1.56952482634132e-12,2.52151672179658e-12
1.56661599350764e-12,2.5108326973811e-12
1.5636558563412e-12,2.50013366623348e-12
1.56064502255927e-12,2.48942334458377e-12
1.55758411648024e-12,2.47870545360684e-12
1.55447377868968e-12,2.46798371747428e-12
1.55131466569575e-12,2.45726186140055e-12
1.54810744957441e-12,2.44654360968447e-12
1.54485281760466e-12,2.43583268374795e-12
1.54155147189397e-12,2.42513280017321e-12
1.53820412899439e-12,2.41444766874005e-12
1.53481151950955e-12,2.40378099046462e-12
1.53137438769272e-12,2.39313645564126e-12
1.52789349103657e-12,2.38251774188896e-12
1.52436959985457e-12,2.37192851220369e-12
1.52080349685468e-12,2.3613724130185e-12
1.51719597670552e-12,2.35085307227257e-12
1.51354784559527e-12,2.34037409749084e-12
1.50985992078394e-12,2.32993907387566e-12
1.50613303014901e-12,2.31955156241209e-12
1.50236801172514e-12,2.30921509798811e-12
1.49856571323798e-12,2.29893318753143e-12
1.49472699163279e-12,2.28870930816415e-12
1.49085271259796e-12,2.27854690537694e-12
1.486943750084e-12,2.26844939122398e-12
1.4830009858183e-12,2.2584201425402e-12
1.47902530881603e-12,2.24846249918222e-12
1.47501761488763e-12,2.23857976229426e-12
1.47097880614327e-12,2.22877519260058e-12
1.46690979049462e-12,2.2190520087256e-12
1.46281148115437e-12,2.20941338554321e-12
1.45868479613399e-12,2.19986245255646e-12
1.45453065773986e-12,2.19040229230883e-12
1.45034999206849e-12,2.18103593882865e-12
1.44614372850106e-12,2.1717663761075e-12
1.44191279919766e-12,2.16259653661409e-12
1.43765813859174e-12,2.15352929984463e-12
1.43338068288503e-12,2.14456749091093e-12
1.42908136954353e-12,2.13571387916726e-12
1.42476113679473e-12,2.12697117687711e-12
1.42042092312659e-12,2.11834203792078e-12
1.41606166678876e-12,2.10982905654507e-12
1.4116843052962e-12,2.10143476615572e-12
1.40728977493572e-12,2.09316163815368e-12
1.40287901027597e-12,2.08501208081627e-12
1.39845294368087e-12,2.07698843822373e-12
1.39401250482732e-12,2.06909298923239e-12
1.38955862022719e-12,2.06132794649485e-12
1.38509221275417e-12,2.05369545552828e-12
1.38061420117577e-12,2.04619759383117e-12
1.37612549969078e-12,2.03883637004954e-12
1.37162701747269e-12,2.0316137231929e-12
1.36711965821925e-12,2.02453152190084e-12
1.36260431970857e-12,2.01759156376039e-12
1.35808189336215e-12,2.01079557467512e-12
1.35355326381507e-12,2.00414520828587e-12
1.34901930849371e-12,1.99764204544391e-12
1.34448089720132e-12,1.99128759373675e-12
1.33993889171165e-12,1.98508328706667e-12
1.33539414537113e-12,1.97903048528263e-12
1.33084750270958e-12,1.97313047386531e-12
1.32629979906011e-12,1.96738446366585e-12
1.32175186018804e-12,1.96179359069795e-12
1.31720450192956e-12,1.95635891598379e-12
1.3126585298399e-12,1.95108142545347e-12
1.30811473885172e-12,1.9459620298981e-12
1.30357391294355e-12,1.94100156497629e-12
1.29903682481874e-12,1.9362007912741e-12
1.29450423559506e-12,1.93156039441802e-12
1.28997689450508e-12,1.92708098524088e-12
1.28545553860763e-12,1.92276310000044e-12
1.28094089251044e-12,1.91860720065007e-12
1.27643366810415e-12,1.91461367516153e-12
1.2719345643078e-12,1.91078283789894e-12
1.26744426682605e-12,1.9071149300439e-12
1.26296344791809e-12,1.90361012007093e-12
1.25849276617857e-12,1.90026850427278e-12
1.25403286633043e-12,1.8970901073349e-12
1.24958437902991e-12,1.89407488295858e-12
1.24514792068372e-12,1.89122271453176e-12
1.24072409327851e-12,1.88853341584708e-12
1.2363134842226e-12,1.88600673186607e-12
1.23191666620011e-12,1.88364233952886e-12
1.22753419703755e-12,1.88143984860835e-12
1.22316661958275e-12,1.87939880260811e-12
1.21881446159625e-12,1.87751867970277e-12
1.21447823565523e-12,1.87579889372028e-12
1.21015843906974e-12,1.87423879516449e-12
1.20585555381142e-12,1.8728376722775e-12
1.20157004645455e-12,1.87159475214022e-12
1.1973023681295e-12,1.87050920181039e-12
1.19305295448831e-12,1.86958012949638e-12
1.18882222568266e-12,1.86880658576614e-12
1.18461058635378e-12,1.86818756478952e-12
1.18041842563449e-12,1.86772200561296e-12
1.17624611716315e-12,1.86740879346528e-12
1.17209401910939e-12,1.86724676109303e-12
1.16796247421155e-12,1.86723469012418e-12
1.16385180982567e-12,1.86737131245875e-12
1.15976233798586e-12,1.86765531168495e-12
1.15569435547595e-12,1.86808532451935e-12
1.1516481439122e-12,1.86865994226976e-12
1.14762396983693e-12,1.86937771231911e-12
1.14362208482286e-12,1.87023713962927e-12
1.13964272558795e-12,1.87123668826262e-12
1.13568611412063e-12,1.8723747829207e-12
1.13175245781506e-12,1.87364981049762e-12
1.12784194961636e-12,1.87506012164725e-12
1.12395476817537e-12,1.87660403236228e-12
1.12009107801298e-12,1.87827982556383e-12
1.11625102969348e-12,1.88008575269986e-12
1.11243476000699e-12,1.88202003535095e-12
1.10864239216038e-12,1.88408086684181e-12
1.1048740359767e-12,1.88626641385691e-12
1.10112978810267e-12,1.88857481805869e-12
1.09740973222402e-12,1.89100419770684e-12
1.09371393928837e-12,1.89355264927701e-12
1.09004246773535e-12,1.89621824907723e-12
1.08639536373373e-12,1.89899905486095e-12
1.08277266142514e-12,1.90189310743458e-12
1.07917438317417e-12,1.90489843225835e-12
1.07560053982449e-12,1.90801304103889e-12
1.07205113096074e-12,1.91123493331198e-12
1.06852614517571e-12,1.91456209801397e-12
1.06502556034276e-12,1.91799251504046e-12
1.06154934389279e-12,1.92152415679061e-12
1.05809745309587e-12,1.9251549896959e-12
1.05466983534673e-12,1.9288829757316e-12
1.05126642845421e-12,1.93270607390991e-12
1.04788716093402e-12,1.93662224175303e-12
1.04453195230466e-12,1.94062943674506e-12
1.04120071338606e-12,1.94472561776139e-12
1.03789334660066e-12,1.94890874647406e-12
1.03460974627668e-12,1.95317678873228e-12
1.03134979895293e-12,1.95752771591627e-12
1.02811338368531e-12,1.96195950626387e-12
1.0249003723542e-12,1.96647014616816e-12
