1.76381851287509e-12,1.46528409771535e-12
1.76500158582302e-12,1.45992145870355e-12
1.76609389437357e-12,1.4544905844755e-12
1.76709559733613e-12,1.44899346231592e-12
1.7680068860116e-12,1.44343209925921e-12
1.76882798393274e-12,1.43780852097675e-12
1.7695591465842e-12,1.4321247706549e-12
1.77020066110261e-12,1.42638290786474e-12
1.77075284595689e-12,1.42058500742416e-12
1.77121605060928e-12,1.41473315825351e-12
1.77159065515731e-12,1.40882946222553e-12
1.77187706995721e-12,1.40287603301055e-12
1.77207573522886e-12,1.39687499491783e-12
1.77218712064308e-12,1.39082848173403e-12
1.77221172489127e-12,1.38473863555965e-12
1.77215007523805e-12,1.37860760564446e-12
1.77200272705722e-12,1.37243754722271e-12
1.77177026335166e-12,1.36623062034924e-12
1.7714532942573e-12,1.35998898873714e-12
1.77105245653198e-12,1.35371481859812e-12
1.77056841302948e-12,1.34741027748643e-12
1.77000185215919e-12,1.34107753314714e-12
1.76935348733214e-12,1.3347187523698e-12
1.76862405639353e-12,1.32833609984835e-12
1.76781432104272e-12,1.32193173704813e-12
1.76692506624084e-12,1.31550782108093e-12
1.76595709960675e-12,1.30906650358886e-12
1.76491125080187e-12,1.30260992963808e-12
1.76378837090441e-12,1.29614023662298e-12
1.7625893317735e-12,1.28965955318193e-12
1.76131502540397e-12,1.2831699981252e-12
1.75996636327216e-12,1.27667367937607e-12
1.75854427567336e-12,1.27017269292571e-12
1.75704971105163e-12,1.26366912180282e-12
1.75548363532238e-12,1.25716503505872e-12
1.75384703118841e-12,1.2506624867686e-12
1.75214089744999e-12,1.24416351504976e-12
1.75036624830951e-12,1.23767014109753e-12
1.74852411267144e-12,1.23118436823953e-12
1.74661553343799e-12,1.22470818100905e-12
1.74464156680124e-12,1.21824354423812e-12
1.74260328153229e-12,1.21179240217103e-12
1.74050175826798e-12,1.20535667759878e-12
1.73833808879579e-12,1.19893827101522e-12
1.73611337533758e-12,1.19253905979539e-12
1.73382872983265e-12,1.18616089739659e-12
1.73148527322086e-12,1.1798056125828e-12
1.72908413472616e-12,1.17347500867294e-12
1.72662645114138e-12,1.16717086281339e-12
1.72411336611471e-12,1.16089492527541e-12
1.72154602943834e-12,1.15464891877769e-12
1.71892559634014e-12,1.14843453783465e-12
1.71625322677854e-12,1.14225344813073e-12
1.71353008474154e-12,1.13610728592118e-12
1.71075733755007e-12,1.12999765745956e-12
1.70793615516653e-12,1.12392613845236e-12
1.70506770950877e-12,1.11789427354102e-12
1.70215317377023e-12,1.11190357581155e-12
1.6991937217467e-12,1.10595552633208e-12
1.69619052717008e-12,1.10005157371853e-12
1.69314476304985e-12,1.09419313372847e-12
1.69005760102256e-12,1.08838158888355e-12
1.68693021070988e-12,1.08261828812038e-12
1.68376375908563e-12,1.07690454647018e-12
1.68055940985229e-12,1.07124164476709e-12
1.67731832282746e-12,1.06563082938535e-12
1.67404165334053e-12,1.06007331200529e-12
1.67073055164012e-12,1.05457026940803e-12
1.66738616231271e-12,1.04912284329911e-12
1.66400962371269e-12,1.04373214016067e-12
1.66060206740436e-12,1.03839923113238e-12
1.65716461761615e-12,1.0331251519208e-12
1.65369839070738e-12,1.02791090273714e-12
1.65020449464808e-12,1.02275744826315e-12
1.64668402851184e-12,1.0176657176451e-12
1.64313808198234e-12,1.01263660451549e-12
1.63956773487367e-12,1.00767096704221e-12
1.63597405666466e-12,1.00276962800513e-12
1.63235810604763e-12,9.97933374899437e-13
1.62872093049168e-12,9.93162960065787e-13
1.6250635658208e-12,9.88459100846618e-13
1.62138703580692e-12,9.83822479768437e-13
1.61769235177828e-12,9.79253744749614e-13
1.61398051224301e-12,9.74753509333262e-13
1.6102525025284e-12,9.70322352944807e-13
1.60650929443571e-12,9.65960821173747e-13
1.60275184591087e-12,9.61669426079111e-13
1.598981100731e-12,9.57448646518163e-13
1.59519798820703e-12,9.53298928497778e-13
1.59140342290232e-12,9.49220685547968e-13
1.58759830436741e-12,9.4521429911699e-13
1.58378351689105e-12,9.41280118987466e-13
1.57995992926731e-12,9.37418463712896e-13
1.576128394579e-12,9.33629621073958e-13
1.57228974999731e-12,9.2991384855399e-13
1.56844481659758e-12,9.26271373832964e-13
1.56459439919131e-12,9.22702395299297e-13
1.56073928617426e-12,9.19207082578853e-13
1.55688024939057e-12,9.15785577080427e-13
1.5530180440129e-12,9.12437992557016e-13
1.54915340843839e-12,9.09164415682122e-13
1.54528706420041e-12,9.05964906640459e-13
1.54141971589596e-12,9.02839499732199e-13
1.53755205112852e-12,8.99788203990162e-13
1.53368474046625e-12,8.96811003809035e-13
1.52981843741539e-12,8.93907859586011e-13
1.52595377840866e-12,8.91078708371993e-13
1.52209138280838e-12,8.8832346453259e-13
1.51823185292426e-12,8.85642020418193e-13
1.51437577404554e-12,8.8303424704226e-13
1.5105237144872e-12,8.80499994767121e-13
1.50667622565015e-12,8.78039093996416e-13
1.50283384209499e-12,8.75651355873461e-13
1.49899708162919e-12,8.7333657298471e-13
1.49516644540726e-12,8.71094520067521e-13
1.49134241804385e-12,8.68924954721466e-13
1.48752546773919e-12,8.66827618122356e-13
1.48371604641688e-12,8.64802235738251e-13
1.47991458987343e-12,8.62848518046618e-13
1.47612151793938e-12,8.60966161251905e-13
1.47233723465164e-12,8.59154848002726e-13
1.46856212843665e-12,8.57414248107943e-13
1.46479657230411e-12,8.55744019250794e-13
1.46104092405078e-12,8.54143807700463e-13
1.45729552647412e-12,8.52613249020158e-13
1.45356070759533e-12,8.51151968771177e-13
1.44983678089143e-12,8.49759583212059e-13
1.44612404553592e-12,8.48435699992219e-13
1.44242278664781e-12,8.47179918839317e-13
1.43873327554846e-12,8.45991832239718e-13
1.4350557700258e-12,8.44871026111282e-13
1.43139051460583e-12,8.43817080467966e-13
1.42773774083061e-12,8.42829570075447e-13
1.4240976675425e-12,8.41908065097195e-13
1.42047050117442e-12,8.41052131730445e-13
1.41685643604536e-12,8.40261332831333e-13
1.413255654661e-12,8.39535228528766e-13
1.40966832801898e-12,8.38873376826311e-13
1.40609461591829e-12,8.38275334191719e-13
1.40253466727254e-12,8.37740656133397e-13
1.3989886204265e-12,8.37268897763446e-13
1.39545660347573e-12,8.36859614346728e-13
1.39193873458866e-12,8.36512361835464e-13
1.3884351223309e-12,8.36226697389004e-13
1.38494586599125e-12,8.36002179878226e-13
1.38147105590909e-12,8.35838370374296e-13
1.37801077380265e-12,8.35734832621283e-13
1.37456509309795e-12,8.35691133492354e-13
1.37113407925778e-12,8.35706843429183e-13
1.3677177901105e-12,8.35781536864236e-13
1.36431627617827e-12,8.35914792625709e-13
1.36092958100426e-12,8.36106194324785e-13
1.35755774147852e-12,8.36355330724998e-13
1.35420078816208e-12,8.36661796093487e-13
1.35085874560911e-12,8.3702519053393e-13
1.34753163268652e-12,8.37445120301014e-13
1.34421946289086e-12,8.37921198096268e-13
1.34092224466208e-12,8.38453043345111e-13
1.33763998169395e-12,8.39040282455148e-13
1.33437267324062e-12,8.39682549055427e-13
1.33112031441913e-12,8.40379484216816e-13
1.32788289650767e-12,8.41130736653328e-13
1.32466040723904e-12,8.41935962904501e-13
1.32145283108926e-12,8.4279482749876e-13
1.31826014956091e-12,8.43707003097886e-13
1.31508234146106e-12,8.44672170622608e-13
1.31191938317339e-12,8.45690019359474e-13
1.30877124892433e-12,8.46760247049034e-13
1.3056379110431e-12,8.47882559955564e-13
1.30251934021515e-12,8.49056672918447e-13
1.29941550572908e-12,8.50282309385398e-13
1.29632637571665e-12,8.5155920142775e-13
1.29325191738576e-12,8.52887089738064e-13
1.29019209724621e-12,8.54265723610235e-13
1.28714688132809e-12,8.55694860902482e-13
1.28411623539258e-12,8.57174267983381e-13
1.28110012513514e-12,8.58703719661384e-13
1.27809851638081e-12,8.60282999098081e-13
1.27511137527157e-12,8.61911897705567e-13
1.27213866844573e-12,8.63590215028327e-13
1.26918036320907e-12,8.65317758609953e-13
1.26623642769779e-12,8.67094343845205e-13
1.26330683103319e-12,8.68919793817733e-13
1.26039154346791e-12,8.70793939123989e-13
1.25749053652378e-12,8.72716617683697e-13
1.25460378312125e-12,8.74687674537491e-13
1.25173125770025e-12,8.76706961632001e-13
1.24887293633265e-12,8.78774337593109e-13
1.24602879682614e-12,8.80889667487718e-13
1.24319881881963e-12,8.83052822574656e-13
1.24038298387018e-12,8.85263680045203e-13
1.23758127553153e-12,8.87522122753814e-13
1.23479367942412e-12,8.89828038939567e-13
1.23202018329687e-12,8.92181321938947e-13
1.22926077708058e-12,8.94581869890479e-13
1.22651545293316e-12,8.97029585431862e-13
1.22378420527675e-12,8.9952437539012e-13
1.22106703082673e-12,9.0206615046544e-13
1.2183639286129e-12,9.04654824909222e-13
1.21567489999272e-12,9.07290316197016e-13
1.21299994865698e-12,9.09972544696895e-13
1.21033908062781e-12,9.12701433333902e-13
1.2076923042493e-12,9.15476907251197e-13
1.20505963017093e-12,9.18298893468495e-13
1.20244107132377e-12,9.21167320538412e-13
1.1998366428898e-12,9.24082118201329e-13
1.19724636226446e-12,9.27043217039406e-13
1.19467024901268e-12,9.30050548130339e-13
1.19210832481836e-12,9.33104042701456e-13
1.18956061342783e-12,9.36203631784776e-13
1.18702714058727e-12,9.39349245873626e-13
1.18450793397425e-12,9.42540814581378e-13
1.18200302312389e-12,9.4577826630295e-13
1.17951243934955e-12,9.49061527879554e-13
1.17703621565843e-12,9.52390524267395e-13
1.17457438666239e-12,9.55765178210728e-13
1.17212698848399e-12,9.59185409919978e-13
1.16969405865828e-12,9.62651136755332e-13
1.1672756360303e-12,9.66162272916423e-13
1.16487176064882e-12,9.69718729138581e-13
1.16248247365636e-12,9.73320412396181e-13
1.1601078171758e-12,9.76967225613546e-13
1.15774783419391e-12,9.80659067383939e-13
1.15540256844203e-12,9.84395831697058e-13
1.15307206427405e-12,9.88177407675506e-13
1.15075636654217e-12,9.92003679320678e-13
1.14845552047047e-12,9.95874525268462e-13
1.14616957152671e-12,9.99789818555172e-13
1.14389856529264e-12,1.00374942639408e-12
1.14164254733293e-12,1.00775320996295e-12
1.13940156306314e-12,1.01180102420288e-12
1.13717565761696e-12,1.01589271762876e-12
1.13496487571287e-12,1.02002813215178e-12
1.13276926152068e-12,1.02420710291409e-12
1.13058885852803e-12,1.02842945813605e-12
1.12842370940721e-12,1.03269501897619e-12
1.12627385588249e-12,1.03700359940424e-12
1.12413933859833e-12,1.04135500608731e-12
1.12202019698848e-12,1.04574903828947e-12
1.11991646914653e-12,1.05018548778488e-12
1.1178281916979e-12,1.05466413878464e-12
1.11575539967358e-12,1.05918476787741e-12
1.11369812638594e-12,1.063747143984e-12
1.11165640330669e-12,1.06835102832591e-12
1.10963025994732e-12,1.0729961744079e-12
1.10761972374221e-12,1.07768232801468e-12
1.10562481993457e-12,1.08240922722163e-12
1.10364557146551e-12,1.08717660241961e-12
1.10168199886632e-12,1.09198417635379e-12
1.09973412015427e-12,1.09683166417644e-12
1.09780195073205e-12,1.10171877351361e-12
1.09588550329099e-12,1.10664520454563e-12
1.09398478771837e-12,1.11161065010114e-12
1.09209981100877e-12,1.11661479576482e-12
1.09023057717985e-12,1.12165731999824e-12
1.08837708719254e-12,1.12673789427401e-12
1.08653933887581e-12,1.13185618322277e-12
1.08471732685624e-12,1.13701184479296e-12
1.08291104249243e-12,1.14220453042291e-12
1.08112047381428e-12,1.14743388522522e-12
1.07934560546756e-12,1.1526995481829e-12
1.07758641866344e-12,1.15800115235717e-12
1.07584289113341e-12,1.1633383251064e-12
1.07411499708955e-12,1.16871068831595e-12
1.07240270719012e-12,1.17411785863855e-12
1.07070598851075e-12,1.17955944774471e-12
1.06902480452107e-12,1.18503506258296e-12
1.06735911506693e-12,1.19054430564926e-12
1.06570887635829e-12,1.19608677526534e-12
1.06407404096268e-12,1.20166206586543e-12
1.06245455780433e-12,1.20726976829092e-12
1.06085037216895e-12,1.21290947009253e-12
1.05926142571417e-12,1.21858075583931e-12
1.05768765648569e-12,1.22428320743434e-12
1.05612899893887e-12,1.23001640443609e-12
1.05458538396617e-12,1.23577992438551e-12
1.05305673892993e-12,1.24157334313776e-12
1.05154298770076e-12,1.24739623519839e-12
1.05004405070139e-12,1.25324817406331e-12
1.04855984495585e-12,1.25912873256195e-12
1.04709028414406e-12,1.26503748320314e-12
1.04563527866153e-12,1.27097399852296e-12
1.04419473568432e-12,1.27693785143422e-12
1.04276855923899e-12,1.28292861557678e-12
1.04135665027753e-12,1.28894586566824e-12
1.03995890675706e-12,1.2949891778543e-12
1.03857522372431e-12,1.30105813005843e-12
1.03720549340465e-12,1.3071523023299e-12
1.03584960529554e-12,1.31327127718999e-12
1.03450744626434e-12,1.31941463997534e-12
1.03317890065025e-12,1.32558197917836e-12
1.03186385037022e-12,1.33177288678361e-12
1.03056217502877e-12,1.33798695859998e-12
1.02927375203144e-12,1.34422379458778e-12
1.02799845670171e-12,1.35048299918043e-12
1.02673616240133e-12,1.35676418159999e-12
1.02548674065367e-12,1.36306695616606e-12
1.02425006127018e-12,1.36939094259752e-12
1.02302599247942e-12,1.37573576630651e-12
1.02181440105882e-12,1.38210105868417e-12
