8.12521129643086e-13,9.27026978633769e-13
8.12977331059303e-13,9.30357683261447e-13
8.13436185676056e-13,9.3369760023331e-13
8.13897683953485e-13,9.37046751344197e-13
8.14361816339166e-13,9.40405158515494e-13
8.14828573276516e-13,9.43772843782646e-13
8.15297945213177e-13,9.47149829282315e-13
8.15769922609314e-13,9.50536137239161e-13
8.16244495945843e-13,9.5393178995222e-13
8.16721655732579e-13,9.5733680978094e-13
8.17201392516296e-13,9.60751219130831e-13
8.17683696888697e-13,9.64175040438777e-13
8.18168559494279e-13,9.67608296157975e-13
8.18655971038093e-13,9.7105100874257e-13
8.19145922293381e-13,9.7450320063191e-13
8.19638404109113e-13,9.77964894234506e-13
8.20133407417371e-13,9.81436111911661e-13
8.20630923240628e-13,9.84916875960815e-13
8.21130942698853e-13,9.88407208598528e-13
8.2163345701651e-13,9.91907131943256e-13
8.22138457529377e-13,9.95416667997788e-13
8.22645935691219e-13,9.98935838631428e-13
8.23155883080299e-13,1.00246466556192e-12
8.23668291405722e-13,1.00600317033712e-12
8.241831525136e-13,1.00955137431646e-12
8.2470045839305e-13,1.01310929865208e-12
8.25220201181999e-13,1.01667696426994e-12
8.25742373172808e-13,1.02025439185047e-12
8.262669668177e-13,1.02384160180929e-12
8.26793974733996e-13,1.02743861427755e-12
8.27323389709148e-13,1.03104544908217e-12
8.27855204705571e-13,1.03466212572601e-12
8.28389412865257e-13,1.03828866336773e-12
8.28926007514191e-13,1.04192508080164e-12
8.29464982166541e-13,1.04557139643744e-12
8.30006330528651e-13,1.04922762827976e-12
8.30550046502766e-13,1.05289379390769e-12
8.310961241906e-13,1.05656991045424e-12
8.31644557896615e-13,1.06025599458567e-12
8.32195342131112e-13,1.06395206248082e-12
8.32748471613081e-13,1.06765812981042e-12
8.33303941272808e-13,1.0713742117163e-12
8.33861746254267e-13,1.0751003227907e-12
8.34421881917257e-13,1.07883647705551e-12
8.34984343839322e-13,1.08258268794156e-12
8.35549127817423e-13,1.08633896826792e-12
8.36116229869374e-13,1.0901053302213e-12
8.36685646235041e-13,1.09388178533545e-12
8.372573733773e-13,1.09766834447071e-12
8.37831407982775e-13,1.10146501779358e-12
8.38407746962297e-13,1.10527181475642e-12
8.38986387451185e-13,1.10908874407732e-12
8.3956732680923e-13,1.11291581372003e-12
8.40150562620489e-13,1.11675303087409e-12
8.40736092692826e-13,1.12060040193508e-12
8.41323915057225e-13,1.12445793248511e-12
8.41914027966862e-13,1.1283256272734e-12
8.42506429895972e-13,1.13220349019719e-12
8.43101119538472e-13,1.13609152428274e-12
8.43698095806357e-13,1.13998973166664e-12
8.44297357827891e-13,1.14389811357735e-12
8.44898904945578e-13,1.14781667031697e-12
8.45502736713892e-13,1.1517454012433e-12
8.46108852896844e-13,1.15568430475215e-12
8.46717253465292e-13,1.15963337825999e-12
8.47327938594079e-13,1.16359261818686e-12
8.4794090865897e-13,1.16756201993962e-12
8.48556164233373e-13,1.17154157789553e-12
8.49173706084891e-13,1.17553128538612e-12
8.49793535171676e-13,1.17953113468145e-12
8.50415652638614e-13,1.18354111697476e-12
8.51040059813321e-13,1.18756122236741e-12
8.51666758201975e-13,1.19159143985423e-12
8.52295749484985e-13,1.19563175730928e-12
8.529270355125e-13,1.199682161472e-12
8.5356061829976e-13,1.20374263793369e-12
8.54196500022312e-13,1.20781317112455e-12
8.5483468301107e-13,1.21189374430094e-12
8.55475169747252e-13,1.21598433953327e-12
8.56117962857195e-13,1.2200849376942e-12
8.56763065107015e-13,1.22419551844724e-12
8.57410479397213e-13,1.22831606023596e-12
8.58060208757112e-13,1.23244654027349e-12
8.58712256339233e-13,1.23658693453252e-12
8.5936662541357e-13,1.24073721773579e-12
8.60023319361779e-13,1.24489736334704e-12
8.60682341671275e-13,1.24906734356235e-12
8.61343695929295e-13,1.25324712930203e-12
8.62007385816856e-13,1.25743669020297e-12
8.62673415102698e-13,1.26163599461139e-12
8.63341787637155e-13,1.26584500957614e-12
8.64012507345994e-13,1.27006370084241e-12
8.64685578224236e-13,1.27429203284599e-12
8.65361004329933e-13,1.27852996870789e-12
8.66038789777962e-13,1.28277747022951e-12
8.66718938733781e-13,1.28703449788826e-12
8.67401455407212e-13,1.29130101083361e-12
8.68086344046227e-13,1.29557696688365e-12
8.68773608930745e-13,1.29986232252204e-12
8.69463254366482e-13,1.30415703289547e-12
8.70155284678816e-13,1.30846105181156e-12
8.70849704206689e-13,1.31277433173712e-12
8.715465172966e-13,1.31709682379696e-12
8.72245728296621e-13,1.32142847777304e-12
8.72947341550505e-13,1.32576924210407e-12
8.73651361391863e-13,1.3301190638855e-12
8.7435779213843e-13,1.33447788886995e-12
8.75066638086431e-13,1.33884566146796e-12
8.7577790350504e-13,1.3432223247492e-12
8.76491592630962e-13,1.34760782044397e-12
8.77207709663118e-13,1.35200208894511e-12
8.77926258757482e-13,1.35640506931026e-12
8.78647244022015e-13,1.36081669926438e-12
8.79370669511785e-13,1.36523691520267e-12
8.80096539224204e-13,1.36966565219375e-12
8.80824857094436e-13,1.37410284398312e-12
8.81555626990966e-13,1.37854842299693e-12
8.82288852711344e-13,1.38300232034598e-12
8.83024537978105e-13,1.38746446582994e-12
8.83762686434882e-13,1.39193478794186e-12
8.84503301642687e-13,1.39641321387281e-12
8.8524638707643e-13,1.40089966951675e-12
8.85991946121606e-13,1.40539407947556e-12
8.86739982071221e-13,1.40989636706422e-12
8.87490498122905e-13,1.4144064543161e-12
8.88243497376295e-13,1.4189242619884e-12
8.88998982830584e-13,1.42344970956762e-12
8.89756957382359e-13,1.42798271527516e-12
8.9051742382365e-13,1.43252319607289e-12
8.91280384840221e-13,1.43707106766884e-12
8.92045843010128e-13,1.44162624452277e-12
8.92813800802501e-13,1.44618863985184e-12
8.93584260576611e-13,1.45075816563614e-12
8.94357224581183e-13,1.45533473262417e-12
8.95132694953961e-13,1.45991825033826e-12
8.95910673721572e-13,1.46450862707985e-12
8.96691162799618e-13,1.4691057699346e-12
8.9747416399308e-13,1.47370958477737e-12
8.98259678996966e-13,1.47831997627696e-12
8.99047709397259e-13,1.48293684790072e-12
8.99838256672119e-13,1.48756010191875e-12
9.0063132219339e-13,1.49218963940802e-12
9.01426907228363e-13,1.49682536025603e-12
9.02225012941852e-13,1.50146716316429e-12
9.03025640398511e-13,1.50611494565125e-12
9.03828790565468e-13,1.51076860405508e-12
9.04634464315224e-13,1.51542803353591e-12
9.05442662428833e-13,1.5200931280776e-12
9.06253385599375e-13,1.5247637804892e-12
9.0706663443569e-13,1.52943988240579e-12
9.07882409466395e-13,1.53412132428886e-12
9.08700711144191e-13,1.53880799542614e-12
9.09521539850421e-13,1.54349978393093e-12
9.10344895899909e-13,1.54819657674068e-12
9.11170779546072e-13,1.55289825961513e-12
9.1199919098628e-13,1.55760471713371e-12
9.12830130367489e-13,1.56231583269225e-12
9.13663597792124e-13,1.56703148849907e-12
9.1449959332422e-13,1.57175156557031e-12
9.153381169958e-13,1.5764759437245e-12
9.16179168813497e-13,1.58120450157635e-12
9.17022748765412e-13,1.58593711652981e-12
9.17868856828214e-13,1.59067366477028e-12
9.1871749297444e-13,1.59541402125589e-12
9.19568657180031e-13,1.60015805970811e-12
9.20422349432064e-13,1.60490565260123e-12
9.21278569736699e-13,1.60965667115116e-12
9.22137318127317e-13,1.61441098530317e-12
9.22998594672833e-13,1.61916846371865e-12
9.23862399486201e-13,1.62392897376104e-12
9.24728732733086e-13,1.62869238148065e-12
9.25597594640695e-13,1.63345855159848e-12
9.26468985506748e-13,1.63822734748909e-12
9.2734290570861e-13,1.64299863116236e-12
9.28219355712542e-13,1.64777226324421e-12
9.29098336083065e-13,1.65254810295624e-12
9.29979847492466e-13,1.6573260080943e-12
9.3086389073035e-13,1.66210583500593e-12
9.31750466713337e-13,1.66688743856672e-12
9.32639576494785e-13,1.6716706721555e-12
9.3353122127462e-13,1.67645538762844e-12
9.34425402409184e-13,1.68124143529197e-12
9.3532212142114e-13,1.68602866387454e-12
9.362213800094e-13,1.69081692049727e-12
9.37123180059068e-13,1.69560605064336e-12
9.38027523651375e-13,1.70039589812641e-12
9.38934413073617e-13,1.70518630505745e-12
9.39843850829047e-13,1.70997711181095e-12
9.40755839646743e-13,1.71476815698944e-12
9.41670382491413e-13,1.7195592773872e-12
9.42587482573131e-13,1.72435030795253e-12
9.4350714335699e-13,1.72914108174903e-12
9.44429368572653e-13,1.73393142991559e-12
9.45354162223802e-13,1.73872118162526e-12
9.46281528597447e-13,1.743510164043e-12
9.47211472273095e-13,1.74829820228217e-12
9.48143998131759e-13,1.75308511936002e-12
9.49079111364798e-13,1.75787073615192e-12
9.50016817482558e-13,1.76265487134456e-12
9.5095712232281e-13,1.76743734138802e-12
9.51900032058984e-13,1.77221796044677e-12
9.52845553208123e-13,1.77699654034953e-12
9.53793692638636e-13,1.78177289053823e-12
9.54744457577736e-13,1.78654681801576e-12
9.55697855618631e-13,1.79131812729288e-12
9.56653894727378e-13,1.79608662033402e-12
9.57612583249447e-13,1.80085209650223e-12
9.58573929915948e-13,1.80561435250312e-12
9.59537943849475e-13,1.81037318232795e-12
9.60504634569641e-13,1.81512837719584e-12
9.61474011998181e-13,1.81987972549511e-12
9.62446086463688e-13,1.82462701272392e-12
9.6342086870592e-13,1.82937002143001e-12
9.64398369879691e-13,1.83410853114983e-12
9.65378601558292e-13,1.83884231834691e-12
9.66361575736487e-13,1.84357115634959e-12
9.67347304833008e-13,1.84829481528823e-12
9.68335801692566e-13,1.85301306203174e-12
9.69327079587354e-13,1.85772566012367e-12
9.70321152218033e-13,1.86243236971783e-12
9.7131803371418e-13,1.86713294751347e-12
9.72317738634181e-13,1.87182714669015e-12
9.7332028196458e-13,1.87651471684225e-12
9.74325679118807e-13,1.88119540391323e-12
9.75333945935361e-13,1.88586895012969e-12
9.76345098675353e-13,1.89053509393539e-12
9.77359154019452e-13,1.89519356992502e-12
9.78376129064183e-13,1.89984410877806e-12
9.79396041317571e-13,1.90448643719271e-12
9.80418908694173e-13,1.90912027781986e-12
9.81444749509382e-13,1.91374534919723e-12
9.8247358247309e-13,1.91836136568387e-12
9.83505426682639e-13,1.92296803739484e-12
9.84540301615078e-13,1.92756507013634e-12
9.85578227118705e-13,1.93215216534132e-12
9.86619223403878e-13,1.93672902000555e-12
9.87663311033102e-13,1.94129532662441e-12
9.88710510910366e-13,1.94585077313023e-12
9.89760844269731e-13,1.95039504283052e-12
9.90814332663159e-13,1.95492781434694e-12
9.91870997947572e-13,1.95944876155528e-12
9.92930862271129e-13,1.96395755352642e-12
9.9399394805875e-13,1.9684538544683e-12
9.95060277996802e-13,1.97293732366919e-12
9.96129875017033e-13,1.97740761544216e-12
9.97202762279703e-13,1.98186437907089e-12
9.98278963155877e-13,1.98630725875691e-12
9.99358501208952e-13,1.99073589356841e-12
1.00044140017534e-12,1.99514991739061e-12
1.00152768394437e-12,1.99954895887785e-12
1.00261737653732e-12,2.0039326414075e-12
1.00371050208568e-12,2.00830058303573e-12
1.00480708480859e-12,2.01265239645527e-12
1.00590714898944e-12,2.01698768895522e-12
1.00701071895162e-12,2.02130606238309e-12
1.00811781903352e-12,2.02560711310903e-12
1.00922847356269e-12,2.02989043199247e-12
1.01034270682912e-12,2.03415560435118e-12
1.0114605430578e-12,2.0384022099329e-12
1.01258200638041e-12,2.04262982288961e-12
1.01370712080622e-12,2.04683801175454e-12
1.0148359101922e-12,2.05102633942199e-12
1.01596839821231e-12,2.05519436313019e-12
1.01710460832606e-12,2.05934163444703e-12
1.01824456374616e-12,2.06346769925903e-12
1.01938828740555e-12,2.06757209776353e-12
1.02053580192359e-12,2.07165436446416e-12
1.02168712957145e-12,2.07571402816973e-12
1.02284229223684e-12,2.07975061199668e-12
1.02400131138794e-12,2.08376363337504e-12
1.02516420803664e-12,2.08775260405821e-12
1.02633100270104e-12,2.09171703013643e-12
1.02750171536727e-12,2.09565641205424e-12
1.0286763654506e-12,2.09957024463178e-12
1.02985497175593e-12,2.10345801709027e-12
1.03103755243753e-12,2.10731921308166e-12
1.03222412495822e-12,2.11115331072246e-12
1.03341470604791e-12,2.11495978263189e-12
1.03460931166146e-12,2.11873809597461e-12
1.03580795693606e-12,2.12248771250773e-12
1.03701065614797e-12,2.12620808863262e-12
1.03821742266869e-12,2.12989867545127e-12
1.03942826892065e-12,2.13355891882748e-12
1.04064320633234e-12,2.1371882594528e-12
1.04186224529299e-12,2.1407861329175e-12
1.04308539510677e-12,2.14435196978641e-12
1.0443126639465e-12,2.14788519567994e-12
1.045544058807e-12,2.1513852313601e-12
1.046779585458e-12,2.15485149282186e-12
1.04801924839669e-12,2.1582833913897e-12
1.04926305079992e-12,2.16168033381948e-12
1.0505109944761e-12,2.16504172240579e-12
1.05176307981675e-12,2.16836695509469e-12
1.05301930574782e-12,2.17165542560197e-12
1.05427966968079e-12,2.17490652353701e-12
1.0555441674635e-12,2.17811963453224e-12
1.05681279333085e-12,2.18129414037828e-12
1.05808553985531e-12,2.18442941916478e-12
1.05936239789738e-12,2.18752484542704e-12
1.06064335655581e-12,2.19057979029844e-12
