8.02154134671618e-13,9.76297731939275e-13
8.07583103344914e-13,9.79439334646229e-13
8.13044819265511e-13,9.8253508103353e-13
8.18538555274408e-13,9.85583951200021e-13
8.2406355828676e-13,9.88584931649397e-13
8.29619049364367e-13,9.91537016037056e-13
8.35204223811315e-13,9.94439205922554e-13
8.40818251292995e-13,9.97290511527044e-13
8.46460275978599e-13,1.00008995249495e-12
8.521294167072e-13,1.00283655865925e-12
8.5782476717754e-13,1.00552937080965e-12
8.63545396161585e-13,1.00816744146286e-12
8.6929034774183e-13,1.0107498356344e-12
8.75058641572455e-13,1.01327563161102e-12
8.80849273164228e-13,1.01574392172314e-12
8.86661214193136e-13,1.01815381311649e-12
8.92493412832711e-13,1.02050442852213e-12
8.98344794109898e-13,1.02279490702427e-12
9.04214260284336e-13,1.02502440482486e-12
9.10100691250948e-13,1.02719209600445e-12
9.16002944965596e-13,1.02929717327828e-12
9.2191985789361e-13,1.03133884874697e-12
9.27850245480967e-13,1.03331635464105e-12
9.33792902647842e-13,1.0352289440584e-12
9.39746604304205e-13,1.03707589169394e-12
9.45710105887194e-13,1.03885649456072e-12
9.51682143919899e-13,1.04057007270166e-12
9.57661436591131e-13,1.0422159698911e-12
9.63646684355869e-13,1.04379355432548e-12
9.69636570555866e-13,1.04530221930227e-12
9.75629762060011e-13,1.04674138388646e-12
9.81624909923976e-13,1.04811049356382e-12
9.87620650068587e-13,1.04940902088009e-12
9.9361560397647e-13,1.05063646606562e-12
9.99608379406358e-13,1.05179235764431e-12
1.00559757112454e-12,1.0528762530266e-12
1.01158176165276e-12,1.0538877390853e-12
1.01755952203211e-12,1.05482643271405e-12
1.02352941260211e-12,1.0556919813673e-12
1.02948998379438e-12,1.05648406358144e-12
1.03543977694032e-12,1.05720238947622e-12
1.04137732509189e-12,1.0578467012359e-12
1.04730115385499e-12,1.05841677356959e-12
1.0532097822346e-12,1.05891241414998e-12
1.05910172349084e-12,1.05933346402999e-12
1.06497548600543e-12,1.05967979803682e-12
1.07082957415753e-12,1.0599513251427e-12
1.07666248920828e-12,1.06014798881195e-12
1.08247273019317e-12,1.06026976732377e-12
1.08825879482158e-12,1.06031667407029e-12
1.09401918038232e-12,1.06028875782946e-12
1.09975238465481e-12,1.06018610301226e-12
1.10545690682453e-12,1.06000882988389e-12
1.11113124840228e-12,1.05975709475859e-12
1.11677391414622e-12,1.05943109016755e-12
1.12238341298579e-12,1.05903104499986e-12
1.12795825894666e-12,1.0585572246159e-12
1.13349697207592e-12,1.05800993093311e-12
1.13899807936646e-12,1.05738950248379e-12
1.14446011567979e-12,1.05669631444475e-12
1.1498816246663e-12,1.05593077863855e-12
1.15526115968223e-12,1.05509334350631e-12
1.16059728470222e-12,1.05418449405175e-12
1.16588857522685e-12,1.0532047517566e-12
1.17113361918402e-12,1.05215467446714e-12
1.17633101782341e-12,1.05103485625183e-12
1.18147938660327e-12,1.04984592723018e-12
1.18657735606838e-12,1.04858855337267e-12
1.19162357271861e-12,1.04726343627195e-12
1.19661669986706e-12,1.04587131288533e-12
1.20155541848702e-12,1.04441295524867e-12
1.20643842804684e-12,1.0428891701618e-12
1.21126444733204e-12,1.04130079884579e-12
1.21603221525367e-12,1.03964871657209e-12
1.22074049164224e-12,1.03793383226389e-12
1.22538805802649e-12,1.03615708807e-12
1.22997371839608e-12,1.03431945891146e-12
1.2344962999476e-12,1.03242195200136e-12
1.23895465381311e-12,1.03046560633802e-12
1.24334765577054e-12,1.02845149217222e-12
1.24767420693515e-12,1.02638071044861e-12
1.2519332344316e-12,1.02425439222198e-12
1.25612369204571e-12,1.02207369804879e-12
1.26024456085549e-12,1.01983981735443e-12
1.26429484984076e-12,1.01755396777687e-12
1.26827359647078e-12,1.01521739448712e-12
1.27217986726932e-12,1.01283136948732e-12
1.27601275835665e-12,1.01039719088679e-12
1.27977139596799e-12,1.00791618215696e-12
1.28345493694784e-12,1.00538969136574e-12
1.28706256921978e-12,1.00281909039193e-12
1.2905935122314e-12,1.00020577412067e-12
1.29404701737379e-12,9.97551159620346e-13
1.29742236837532e-12,9.94856685301962e-13
1.30071888166939e-12,9.92123810061684e-13
1.30393590673575e-12,9.89354012407325e-13
1.30707282641515e-12,9.86548789569681e-13
1.31012905719708e-12,9.83709656599499e-13
1.31310404948031e-12,9.80838145450961e-13
1.3159972878061e-12,9.77935804052611e-13
1.31880829106389e-12,9.75004195366524e-13
1.32153661266927e-12,9.7204489643671e-13
1.3241818407142e-12,9.69059497427644e-13
1.32674359808948e-12,9.66049600653871e-13
1.32922154257911e-12,9.63016819601591e-13
1.33161536692694e-12,9.5996277794324e-13
1.33392479887534e-12,9.56889108545991e-13
1.33614960117598e-12,9.53797452475136e-13
1.33828957157292e-12,9.50689457993388e-13
1.34034454275799e-12,9.47566779557016e-13
1.34231438229862e-12,9.4443107680984e-13
1.34419899253831e-12,9.41284013576052e-13
1.34599831047001e-12,9.38127256852896e-13
1.34771230758242e-12,9.34962475804138e-13
1.34934098967971e-12,9.31791340755376e-13
1.35088439667481e-12,9.28615522192136e-13
1.35234260235658e-12,9.25436689761755e-13
1.35371571413125e-12,9.22256511280029e-13
1.35500387273849e-12,9.1907665174362e-13
1.35620725194241e-12,9.15898772349141e-13
1.3573260581981e-12,9.12724529519935e-13
1.35836053029396e-12,9.0955557394146e-13
1.3593109389704e-12,9.06393549606229e-13
1.36017758651539e-12,9.03240092869232e-13
1.36096080633731e-12,9.00096831514771e-13
1.36166096251581e-12,8.96965383835569e-13
1.36227844933102e-12,8.9384735772508e-13
1.36281369077188e-12,8.90744349783843e-13
1.36326714002407e-12,8.87657944440735e-13
1.36363927893829e-12,8.8458971308997e-13
1.36393061747944e-12,8.81541213244625e-13
1.36414169315735e-12,8.78513987707527e-13
1.36427307043983e-12,8.7550956376023e-13
1.36432534014872e-12,8.72529452370868e-13
1.36429911883952e-12,8.6957514742157e-13
1.36419504816556e-12,8.66648124956169e-13
1.36401379422722e-12,8.6374984244887e-13
1.36375604690713e-12,8.60881738094503e-13
1.36342251919201e-12,8.58045230121035e-13
1.36301394648194e-12,8.5524171612486e-13
1.36253108588794e-12,8.52472572429502e-13
1.36197471551852e-12,8.49739153468234e-13
1.36134563375606e-12,8.47042791191113e-13
1.36064465852391e-12,8.44384794496928e-13
1.35987262654487e-12,8.41766448690473e-13
1.35903039259197e-12,8.39189014965613e-13
1.35811882873237e-12,8.36653729914446e-13
1.35713882356521e-12,8.34161805062987e-13
1.35609128145413e-12,8.31714426433639e-13
1.35497712175548e-12,8.29312754134751e-13
1.35379727804284e-12,8.26957921977485e-13
1.35255269732883e-12,8.24651037120274e-13
1.35124433928501e-12,8.22393179740973e-13
1.3498731754605e-12,8.20185402736859e-13
1.3484401885005e-12,8.18028731452679e-13
1.34694637136512e-12,8.15924163436687e-13
1.34539272654963e-12,8.13872668224828e-13
1.34378026530669e-12,8.11875187152993e-13
1.34211000687157e-12,8.09932633197379e-13
1.3403829776909e-12,8.08045890842866e-13
1.33860021065593e-12,8.06215815979289e-13
1.33676274434087e-12,8.04443235825541e-13
1.33487162224718e-12,8.02728948881255e-13
1.3329278920545e-12,8.01073724905975e-13
1.33093260487887e-12,7.99478304925467e-13
1.32888681453906e-12,7.97943401265001e-13
1.32679157683151e-12,7.96469697609266e-13
1.3246479488148e-12,7.95057849088593e-13
1.32245698810407e-12,7.9370848239113e-13
1.32021975217607e-12,7.92422195900597e-13
1.31793729768559e-12,7.91199559859144e-13
1.31561067979366e-12,7.90041116554962e-13
1.31324095150825e-12,7.88947380534043e-13
1.31082916303795e-12,7.87918838835708e-13
1.30837636115912e-12,7.86955951251277e-13
1.30588358859716e-12,7.86059150605355e-13
1.30335188342221e-12,7.85228843059176e-13
1.30078227845989e-12,7.84465408435323e-13
1.29817580071741e-12,7.83769200563276e-13
1.29553347082555e-12,7.83140547645056e-13
1.29285630249684e-12,7.82579752640338e-13
1.29014530200038e-12,7.82087093670314e-13
1.28740146765355e-12,7.8166282443957e-13
1.28462578933098e-12,7.81307174675273e-13
1.28181924799115e-12,7.81020350582889e-13
1.2789828152207e-12,7.80802535317659e-13
1.27611745279686e-12,7.80653889471075e-13
1.2732241122682e-12,7.80574551571499e-13
1.27030373455377e-12,7.80564638598165e-13
1.26735724956094e-12,7.80624246507725e-13
1.264385575822e-12,7.80753450772476e-13
1.26138962014965e-12,7.80952306929444e-13
1.2583702773115e-12,7.81220851139465e-13
1.25532842972358e-12,7.81559100755421e-13
1.25226494716297e-12,7.81967054898745e-13
1.24918068649951e-12,7.82444695043301e-13
1.24607649144663e-12,7.82991985605835e-13
1.24295319233115e-12,7.83608874542044e-13
1.2398116058822e-12,7.8429529394746e-13
1.23665253503893e-12,7.85051160662209e-13
1.23347676877706e-12,7.85876376878828e-13
1.23028508195412e-12,7.86770830752223e-13
1.22707823517317e-12,7.87734397010966e-13
1.22385697466481e-12,7.88766937568988e-13
1.22062203218745e-12,7.89868302136911e-13
1.21737412494534e-12,7.91038328832122e-13
1.21411395552434e-12,7.9227684478673e-13
1.21084221184512e-12,7.9358366675269e-13
1.20755956713339e-12,7.94958601703151e-13
1.20426667990703e-12,7.96401447429353e-13
1.2009641939797e-12,7.97911993132195e-13
1.19765273848054e-12,7.99490020007789e-13
1.19433292788973e-12,8.01135301826174e-13
1.19100536208947e-12,8.02847605502537e-13
1.18767062642997e-12,8.04626691660157e-13
1.18432929181005e-12,8.06472315184425e-13
1.180981914772e-12,8.08384225767264e-13
1.17762903761015e-12,8.10362168441252e-13
1.17427118849286e-12,8.12405884102906e-13
1.17090888159721e-12,8.14515110024423e-13
1.16754261725629e-12,8.16689580353386e-13
1.16417288211822e-12,8.18929026599796e-13
1.16080014931675e-12,8.21233178109999e-13
1.15742487865264e-12,8.23601762526897e-13
1.15404751678555e-12,8.26034506236049e-13
1.15066849743582e-12,8.28531134797173e-13
1.14728824159555e-12,8.31091373360629e-13
1.14390715774865e-12,8.33714947068526e-13
1.14052564209911e-12,8.3640158144004e-13
1.13714407880705e-12,8.39151002740647e-13
1.13376284023214e-12,8.41962938334946e-13
1.13038228718352e-12,8.44837117022838e-13
1.12700276917604e-12,8.47773269358741e-13
1.12362462469208e-12,8.50771127953743e-13
1.12024818144835e-12,8.53830427760394e-13
1.11687375666738e-12,8.56950906340085e-13
1.11350165735283e-12,8.60132304112829e-13
1.11013218056843e-12,8.63374364589411e-13
1.10676561371969e-12,8.66676834585803e-13
1.10340223483809e-12,8.70039464419861e-13
1.10004231286715e-12,8.73462008090289e-13
1.09668610794979e-12,8.76944223437899e-13
1.09333387171662e-12,8.80485872289301e-13
1.08998584757448e-12,8.84086720582989e-13
1.08664227099495e-12,8.87746538478117e-13
1.08330336980209e-12,8.91465100445994e-13
1.07996936445915e-12,8.95242185344544e-13
1.07664046835371e-12,8.99077576475948e-13
1.07331688808076e-12,9.02971061627685e-13
1.06999882372328e-12,9.06922433097282e-13
1.06668646912998e-12,9.10931487701026e-13
1.06338001218968e-12,9.14998026767022e-13
1.06007963510194e-12,9.19121856112889e-13
1.05678551464362e-12,9.23302786008506e-13
1.05349782243093e-12,9.27540631124207e-13
1.05021672517657e-12,9.31835210464842e-13
1.04694238494176e-12,9.36186347290128e-13
1.0436749593826e-12,9.40593869021801e-13
1.04041460199075e-12,9.45057607138026e-13
1.03716146232777e-12,9.49577397055575e-13
1.03391568625318e-12,9.54153078000322e-13
1.0306774161457e-12,9.58784492866558e-13
1.02744679111761e-12,9.63471488065715e-13
1.02422394722191e-12,9.6821391336508e-13
1.02100901765205e-12,9.73011621717066e-13
1.01780213293411e-12,9.77864469079632e-13
1.01460342111116e-12,9.82772314228541e-13
1.01141300791971e-12,9.87735018561957e-13
1.0082310169581e-12,9.92752445898124e-13
1.00505756984663e-12,9.97824462266739e-13
1.0018927863794e-12,1.00295093569463e-12
9.98736784667794e-13,1.00813173598643e-12
9.955896812754e-13,1.01336673450091e-12
9.92451591344493e-13,1.01865580392363e-12
9.89322628713887e-13,1.02399881803656e-12
9.86202906028253e-13,1.02939565148531e-12
9.83092534838827e-13,1.03484617954477e-12
9.79991625695526e-13,1.04035027788358e-12
9.76900288230609e-13,1.04590782232837e-12
9.73818631233759e-13,1.05151868862818e-12
9.70746762718825e-13,1.05718275221995e-12
9.67684789982181e-13,1.06289988799541e-12
9.64632819652852e-13,1.06866997007041e-12
9.61590957734523e-13,1.0744928715569e-12
9.5855930963957e-13,1.08036846433852e-12
9.55537980215199e-13,1.08629661885017e-12
9.52527073761906e-13,1.0922772038623e-12
9.49526694044423e-13,1.09831008627039e-12
9.4653694429531e-13,1.1043951308903e-12
9.43557927211376e-13,1.11053220025991e-12
9.40589744943234e-13,1.11672115444765e-12
9.37632499078041e-13,1.1229618508685e-12
9.34686290615853e-13,1.12925414410775e-12
9.31751219939675e-13,1.13559788575328e-12
9.28827386779524e-13,1.14199292423651e-12
9.25914890170792e-13,1.14843910468266e-12
9.23013828407135e-13,1.15493626877073e-12
9.20124298988185e-13,1.16148425460337e-12
9.17246398562348e-13,1.1680828965873e-12
9.14380222865046e-13,1.1747320253244e-12
