5.95093397213192e-13,8.96818977702529e-13
5.95191486145745e-13,9.01357745595632e-13
5.95296117779857e-13,9.0590776203219e-13
5.95407363913071e-13,9.10468905941739e-13
5.95525295498447e-13,9.1504105403497e-13
5.95649982616598e-13,9.19624080809391e-13
5.9578149444857e-13,9.24217858556547e-13
5.95919899249573e-13,9.28822257370718e-13
5.96065264323637e-13,9.33437145159092e-13
5.96217655999177e-13,9.38062387653373e-13
5.96377139605566e-13,9.42697848422825e-13
5.96543779450713e-13,9.4734338888868e-13
5.967176387997e-13,9.51998868339901e-13
5.96898779854502e-13,9.56664143950277e-13
5.97087263734823e-13,9.61339070796749e-13
5.97283150460094e-13,9.66023501878994e-13
5.97486498932627e-13,9.70717288140174e-13
5.97697366922028e-13,9.75420278488848e-13
5.97915811050769e-13,9.80132319821901e-13
5.98141886781099e-13,9.84853257048564e-13
5.98375648403184e-13,9.89582933115378e-13
5.98617149024569e-13,9.94321189032035e-13
5.98866440560973e-13,9.99067863898124e-13
5.99123573728407e-13,1.00382279493061e-12
5.99388598036666e-13,1.00858581749206e-12
5.99661561784186e-13,1.01335676511948e-12
5.99942512054281e-13,1.01813546955375e-12
6.00231494712776e-13,1.02292176076955e-12
6.00528554407042e-13,1.02771546700573e-12
6.00833734566436e-13,1.03251641479596e-12
6.01147077404154e-13,1.0373244289997e-12
6.01468623920489e-13,1.04213933283337e-12
6.01798413907509e-13,1.04696094790155e-12
6.02136485955133e-13,1.05178909422823e-12
6.02482877458622e-13,1.05662359028799e-12
6.02837624627457e-13,1.06146425303702e-12
6.03200762495602e-13,1.06631089794386e-12
6.03572324933153e-13,1.07116333901982e-12
6.03952344659336e-13,1.07602138884896e-12
6.04340853256852e-13,1.08088485861753e-12
6.04737881187562e-13,1.08575355814281e-12
6.05143457809449e-13,1.09062729590119e-12
6.05557611394895e-13,1.09550587905552e-12
6.05980369150194e-13,1.10038911348143e-12
6.06411757236301e-13,1.10527680379275e-12
6.06851800790785e-13,1.1101687533658e-12
6.07300523950957e-13,1.11506476436247e-12
6.07757949878103e-13,1.119964637752e-12
6.08224100782867e-13,1.12486817333143e-12
6.08698997951647e-13,1.12977516974447e-12
6.09182661774039e-13,1.13468542449887e-12
6.09675111771256e-13,1.13959873398214e-12
6.10176366625474e-13,1.1445148934754e-12
6.10686444210068e-13,1.14943369716545e-12
6.11205361620704e-13,1.15435493815492e-12
6.11733135207196e-13,1.15927840847029e-12
6.1226978060611e-13,1.16420389906787e-12
6.12815312774072e-13,1.16913119983753e-12
6.13369746021674e-13,1.17406009960413e-12
6.13933094047974e-13,1.17899038612662e-12
6.14505369975489e-13,1.18392184609458e-12
6.15086586385674e-13,1.18885426512238e-12
6.15676755354746e-13,1.19378742774056e-12
6.16275888489875e-13,1.19872111738465e-12
6.16883996965611e-13,1.2036551163812e-12
6.17501091560522e-13,1.20858920593093e-12
6.18127182693956e-13,1.2135231660891e-12
6.18762280462856e-13,1.21845677574285e-12
6.19406394678582e-13,1.22338981258557e-12
6.20059534903631e-13,1.22832205308823e-12
6.20721710488225e-13,1.23325327246755e-12
6.21392930606666e-13,1.23818324465105e-12
6.22073204293382e-13,1.24311174223894e-12
6.22762540478627e-13,1.2480385364627e-12
6.23460948023709e-13,1.25296339714043e-12
6.24168435755716e-13,1.25788609262893e-12
6.24885012501625e-13,1.26280638977242e-12
6.25610687121761e-13,1.26772405384789e-12
6.26345468542482e-13,1.2726388485072e-12
6.27089365788061e-13,1.27755053571567e-12
6.2784238801165e-13,1.28245887568741e-12
6.28604544525278e-13,1.28736362681722e-12
6.29375844828779e-13,1.29226454560912e-12
6.30156298637608e-13,1.29716138660152e-12
6.30945915909429e-13,1.3020539022891e-12
6.31744706869448e-13,1.30694184304127e-12
6.32552682034371e-13,1.31182495701741e-12
6.33369852234928e-13,1.31670299007882e-12
6.34196228636918e-13,1.32157568569743e-12
6.35031822760645e-13,1.32644278486134e-12
6.35876646498737e-13,1.33130402597724e-12
6.36730712132228e-13,1.33615914476972e-12
6.37594032344857e-13,1.34100787417759e-12
6.38466620235514e-13,1.34584994424724e-12
6.39348489328761e-13,1.35068508202313e-12
6.40239653583365e-13,1.3555130114355e-12
6.4114012739878e-13,1.36033345318531e-12
6.42049925619516e-13,1.36514612462669e-12
6.42969063537323e-13,1.36995073964667e-12
6.43897556891167e-13,1.37474700854276e-12
6.44835421864878e-13,1.37953463789797e-12
6.45782675082493e-13,1.3843133304538e-12
6.46739333601165e-13,1.38908278498113e-12
6.47705414901655e-13,1.39384269614918e-12
6.48680936876302e-13,1.39859275439261e-12
6.49665917814465e-13,1.40333264577705e-12
6.50660376385375e-13,1.40806205186307e-12
6.51664331618364e-13,1.4127806495688e-12
6.5267780288042e-13,1.41748811103132e-12
6.53700809851047e-13,1.42218410346707e-12
6.54733372494397e-13,1.42686828903138e-12
6.55775511028625e-13,1.43154032467722e-12
6.56827245892467e-13,1.43619986201358e-12
6.57888597708994e-13,1.44084654716344e-12
6.58959587246537e-13,1.4454800206216e-12
6.60040235376757e-13,1.45009991711261e-12
6.6113056302983e-13,1.45470586544896e-12
6.622305911468e-13,1.45929748838973e-12
6.63340340628979e-13,1.4638744024999e-12
6.64459832284507e-13,1.46843621801064e-12
6.65589086771997e-13,1.4729825386806e-12
6.66728124541286e-13,1.47751296165864e-12
6.67876965771304e-13,1.48202707734807e-12
6.69035630305082e-13,1.48652446927273e-12
6.70204137581847e-13,1.49100471394507e-12
6.71382506566339e-13,1.49546738073657e-12
6.72570755675238e-13,1.49991203175056e-12
6.73768902700823e-13,1.50433822169796e-12
6.74976964731833e-13,1.50874549777587e-12
6.76194958071599e-13,1.51313339954954e-12
6.77422898153448e-13,1.51750145883779e-12
6.78660799453449e-13,1.52184919960223e-12
6.79908675400511e-13,1.5261761378405e-12
6.81166538283904e-13,1.53048178148371e-12
6.82434399158255e-13,1.5347656302986e-12
6.83712267746039e-13,1.53902717579429e-12
6.85000152337658e-13,1.54326590113427e-12
6.86298059689153e-13,1.54748128105356e-12
6.87605994917617e-13,1.5516727817816e-12
6.88923961394368e-13,1.55583986097086e-12
6.90251960635963e-13,1.55998196763162e-12
6.91589992193139e-13,1.56409854207313e-12
6.92938053537724e-13,1.56818901585131e-12
6.94296139947642e-13,1.57225281172344e-12
6.95664244390071e-13,1.57628934360991e-12
6.9704235740285e-13,1.58029801656338e-12
6.98430466974231e-13,1.58427822674561e-12
6.99828558421074e-13,1.58822936141213e-12
7.01236614265569e-13,1.59215079890512e-12
7.02654614110607e-13,1.5960419086546e-12
7.04082534513893e-13,1.59990205118824e-12
7.05520348860918e-13,1.60373057815013e-12
7.06968027236889e-13,1.60752683232852e-12
7.08425536297744e-13,1.61129014769286e-12
7.0989283914037e-13,1.61501984944054e-12
7.11369895172119e-13,1.61871525405315e-12
7.12856659979804e-13,1.62237566936294e-12
7.143530851982e-13,1.62600039462919e-12
7.15859118378305e-13,1.62958872062521e-12
7.17374702855377e-13,1.63313992973568e-12
7.18899777616943e-13,1.63665329606486e-12
7.20434277170904e-13,1.64012808555569e-12
7.2197813141385e-13,1.64356355611994e-12
7.23531265499767e-13,1.64695895777971e-12
7.25093599709209e-13,1.65031353282023e-12
7.2666504931916e-13,1.65362651595425e-12
7.28245524473653e-13,1.65689713449824e-12
7.29834930055347e-13,1.6601246085602e-12
7.31433165558169e-13,1.6633081512396e-12
7.33040124961191e-13,1.66644696883928e-12
7.34655696603887e-13,1.66954026108954e-12
7.36279763062907e-13,1.67258722138441e-12
7.37912201030541e-13,1.67558703703037e-12
7.39552881194982e-13,1.67853888950728e-12
7.41201668122602e-13,1.68144195474196e-12
7.42858420142333e-13,1.6842954033941e-12
7.44522989232322e-13,1.6870984011548e-12
7.46195220909042e-13,1.68985010905761e-12
7.47874954118966e-13,1.69254968380219e-12
7.49562021132976e-13,1.6951962780905e-12
7.51256247443667e-13,1.69778904097552e-12
7.5295745166567e-13,1.70032711822259e-12
7.54665445439176e-13,1.70280965268314e-12
7.56380033336774e-13,1.70523578468095e-12
7.58101012773774e-13,1.7076046524107e-12
7.59828173922172e-13,1.70991539234891e-12
7.61561299628347e-13,1.71216713967704e-12
7.63300165334713e-13,1.71435902871672e-12
7.650445390054e-13,1.71649019337696e-12
7.66794181056127e-13,1.71855976761323e-12
7.68548844288425e-13,1.72056688589827e-12
7.70308273828313e-13,1.72251068370447e-12
7.72072207069586e-13,1.72439029799758e-12
7.73840373621803e-13,1.72620486774172e-12
7.75612495263187e-13,1.7279535344153e-12
7.77388285898463e-13,1.72963544253781e-12
7.79167451521825e-13,1.73124974020715e-12
7.80949690185123e-13,1.73279557964725e-12
7.82734691971397e-13,1.73427211776582e-12
7.84522138973855e-13,1.73567851672183e-12
7.86311705280443e-13,1.73701394450262e-12
7.8810305696404e-13,1.73827757551006e-12
7.89895852078467e-13,1.73946859115582e-12
7.9168974066035e-13,1.74058618046505e-12
7.93484364736939e-13,1.74162954068844e-12
7.9527935834e-13,1.74259787792208e-12
7.97074347525808e-13,1.74349040773494e-12
7.98868950401419e-13,1.74430635580343e-12
8.00662777157177e-13,1.7450449585528e-12
8.0245543010562e-13,1.74570546380483e-12
8.0424650372683e-13,1.74628713143154e-12
8.06035584720245e-13,1.74678923401435e-12
8.07822252063055e-13,1.74721105750838e-12
8.09606077075179e-13,1.74755190191135e-12
8.11386623490928e-13,1.74781108193664e-12
8.13163447537306e-13,1.74798792769006e-12
8.14936098019094e-13,1.74808178534981e-12
8.1670411641066e-13,1.74809201784914e-12
8.18467036954563e-13,1.74801800556123e-12
8.20224386766947e-13,1.74785914698576e-12
8.21975685949768e-13,1.7476148594366e-12
8.23720447709836e-13,1.74728457973011e-12
8.25458178484671e-13,1.74686776487362e-12
8.2718837807519e-13,1.74636389275332e-12
8.28910539785199e-13,1.74577246282109e-12
8.30624150567689e-13,1.74509299677988e-12
8.32328691177867e-13,1.7443250392667e-12
8.34023636332979e-13,1.74346815853299e-12
8.35708454878792e-13,1.74252194712154e-12
8.37382609962782e-13,1.7414860225395e-12
8.39045559213895e-13,1.74036002792678e-12
8.4069675492893e-13,1.73914363271934e-12
8.42335644265356e-13,1.73783653330661e-12
8.43961669440645e-13,1.73643845368267e-12
8.45574267937913e-13,1.7349491460902e-12
8.47172872717875e-13,1.733368391657e-12
8.48756912436997e-13,1.73169600102407e-12
8.5032581167177e-13,1.72993181496497e-12
8.5187899114899e-13,1.72807570499553e-12
8.53415867981957e-13,1.72612757397349e-12
8.54935855912467e-13,1.72408735668729e-12
8.56438365558513e-13,1.7219550204336e-12
8.57922804667539e-13,1.71973056558266e-12
8.59388578375132e-13,1.7174140261311e-12
8.6083508946903e-13,1.71500547024137e-12
8.62261738658294e-13,1.71250500076738e-12
8.63667924847504e-13,1.70991275576558e-12
8.65053045415822e-13,1.70722890899085e-12
8.66416496500792e-13,1.70445367037684e-12
8.67757673286669e-13,1.70158728649976e-12
8.6907597029715e-13,1.69863004102537e-12
8.70370781692334e-13,1.69558225513842e-12
8.71641501569696e-13,1.69244428795402e-12
8.72887524268944e-13,1.68921653691024e-12
8.74108244680524e-13,1.68589943814155e-12
8.75303058557617e-13,1.68249346683245e-12
8.76471362831421e-13,1.6789991375507e-12
8.77612555929491e-13,1.67541700455977e-12
8.78726038096979e-13,1.67174766210971e-12
8.79811211720523e-13,1.66799174470629e-12
8.80867481654587e-13,1.66414992735757e-12
8.81894255550033e-13,1.66022292579763e-12
8.82890944184723e-13,1.65621149668689e-12
8.83856961795845e-13,1.65211643778851e-12
8.84791726413895e-13,1.64793858812066e-12
8.85694660197874e-13,1.64367882808387e-12
8.86565189771653e-13,1.63933807956338e-12
8.87402746561135e-13,1.63491730600581e-12
8.88206767132062e-13,1.63041751247005e-12
8.88976693528165e-13,1.62583974565173e-12
8.89711973609451e-13,1.62118509388115e-12
8.90412061390327e-13,1.61645468709418e-12
8.91076417377385e-13,1.61164969677588e-12
8.91704508906532e-13,1.60677133587661e-12
8.92295810479236e-13,1.60182085870024e-12
8.9284980409765e-13,1.59679956076436e-12
8.93365979598319e-13,1.5917087786321e-12
8.93843834984237e-13,1.58654988971539e-12
8.94282876755034e-13,1.58132431204976e-12
8.94682620234934e-13,1.57603350403992e-12
8.95042589898327e-13,1.57067896417663e-12
8.9536231969267e-13,1.56526223072434e-12
8.95641353358406e-13,1.55978488137957e-12
8.95879244745708e-13,1.55424853290008e-12
8.96075558127795e-13,1.54865484070474e-12
8.96229868510477e-13,1.54300549844393e-12
8.96341761937785e-13,1.53730223754071e-12
8.96410835793372e-13,1.53154682670269e-12
8.96436699097416e-13,1.52574107140448e-12
8.96418972798849e-13,1.51988681334117e-12
8.96357290062581e-13,1.51398592985263e-12
8.96251296551515e-13,1.50804033331879e-12
8.96100650703138e-13,1.50205197052636e-12
8.95905024000371e-13,1.49602282200669e-12
8.956641012365e-13,1.48995490134537e-12
8.9537758077397e-13,1.48385025446376e-12
8.95045174796728e-13,1.47771095887237e-12
8.94666609555968e-13,1.4715391228969e-12
8.94241625609043e-13,1.46533688487681e-12
8.93769978051266e-13,1.45910641233703e-12
