2.10897877719952e-12,2.71774207519159e-12
2.11072055960634e-12,2.71667925052015e-12
2.11239453256111e-12,2.71545989433961e-12
2.11400009732473e-12,2.71408434992087e-12
2.11553667679662e-12,2.71255302061884e-12
2.11700371587025e-12,2.71086636993182e-12
2.11840068177543e-12,2.70902492152209e-12
2.11972706440723e-12,2.70702925919758e-12
2.12098237664113e-12,2.70488002685439e-12
2.12216615463423e-12,2.70257792838022e-12
2.12327795811231e-12,2.70012372751851e-12
2.12431737064236e-12,2.69751824769342e-12
2.12528399989055e-12,2.6947623717954e-12
2.12617747786533e-12,2.69185704192776e-12
2.12699746114546e-12,2.68880325911393e-12
2.12774363109282e-12,2.68560208296584e-12
2.12841569404983e-12,2.6822546313133e-12
2.12901338152136e-12,2.67876207979485e-12
2.12953645034084e-12,2.67512566140993e-12
2.12998468282068e-12,2.67134666603295e-12
2.13035788688663e-12,2.66742643988936e-12
2.13065589619617e-12,2.66336638499402e-12
2.13087857024078e-12,2.65916795855234e-12
2.13102579443187e-12,2.65483267232443e-12
2.13109748017062e-12,2.65036209195273e-12
2.13109356490137e-12,2.64575783625361e-12
2.13101401214865e-12,2.6410215764733e-12
2.13085881153788e-12,2.63615503550879e-12
2.13062797879966e-12,2.63115998709408e-12
2.13032155575762e-12,2.62603825495247e-12
2.12993961029995e-12,2.6207917119155e-12
2.1294822363346e-12,2.61542227900907e-12
2.12894955372807e-12,2.60993192450737e-12
2.12834170822812e-12,2.60432266295553e-12
2.12765887137018e-12,2.59859655416145e-12
2.12690124036774e-12,2.59275570215762e-12
2.12606903798671e-12,2.58680225413381e-12
2.12516251240395e-12,2.58073839934132e-12
2.12418193705e-12,2.57456636796957e-12
2.12312761043622e-12,2.56828842999599e-12
2.12199985596643e-12,2.56190689400998e-12
2.12079902173327e-12,2.5554241060119e-12
2.11952548029946e-12,2.54884244818794e-12
2.11817962846397e-12,2.54216433766185e-12
2.11676188701365e-12,2.53539222522448e-12
2.11527270046011e-12,2.52852859404203e-12
2.11371253676246e-12,2.52157595834417e-12
2.11208188703582e-12,2.51453686209283e-12
2.11038126524608e-12,2.50741387763287e-12
2.10861120789107e-12,2.50020960432558e-12
2.10677227366832e-12,2.49292666716606e-12
2.10486504312992e-12,2.48556771538563e-12
2.10289011832447e-12,2.47813542104026e-12
2.1008481224267e-12,2.47063247758624e-12
2.09873969935485e-12,2.46306159844404e-12
2.09656551337627e-12,2.45542551555167e-12
2.09432624870142e-12,2.4477269779085e-12
2.09202260906679e-12,2.43996875011072e-12
2.08965531730693e-12,2.43215361087972e-12
2.08722511491598e-12,2.42428435158441e-12
2.08473276159906e-12,2.41636377475847e-12
2.082179034814e-12,2.40839469261422e-12
2.07956472930347e-12,2.40037992555358e-12
2.07689065661833e-12,2.39232230067789e-12
2.07415764463212e-12,2.38422465029734e-12
2.07136653704754e-12,2.37608981044142e-12
2.06851819289487e-12,2.36792061937141e-12
2.06561348602311e-12,2.35971991609607e-12
2.06265330458402e-12,2.35149053889193e-12
2.0596385505095e-12,2.34323532382883e-12
2.05657013898289e-12,2.33495710330242e-12
2.05344899790434e-12,2.32665870457437e-12
2.05027606735091e-12,2.31834294832149e-12
2.0470522990317e-12,2.31001264719505e-12
2.0437786557385e-12,2.3016706043912e-12
2.04045611079229e-12,2.29331961223363e-12
2.03708564748624e-12,2.28496245076972e-12
2.03366825852531e-12,2.27660188638101e-12
2.03020494546325e-12,2.26824067040916e-12
2.02669671813718e-12,2.25988153779852e-12
2.02314459410022e-12,2.25152720575617e-12
2.0195495980528e-12,2.24318037243051e-12
2.0159127612728e-12,2.2348437156095e-12
2.01223512104515e-12,2.22651989143924e-12
2.00851772009129e-12,2.21821153316413e-12
2.00476160599888e-12,2.20992124988943e-12
2.00096783065217e-12,2.20165162536697e-12
1.99713744966358e-12,2.19340521680518e-12
1.99327152180677e-12,2.18518455370403e-12
1.98937110845169e-12,2.17699213671592e-12
1.98543727300204e-12,2.16883043653316e-12
1.98147108033555e-12,2.16070189280294e-12
1.97747359624742e-12,2.1526089130705e-12
1.97344588689737e-12,2.14455387175118e-12
1.96938901826084e-12,2.13653910913215e-12
1.96530405558444e-12,2.12856693040448e-12
1.96119206284627e-12,2.12063960472598e-12
1.95705410222143e-12,2.11275936431577e-12
1.95289123355311e-12,2.10492840358085e-12
1.94870451382952e-12,2.09714887827548e-12
1.94449499666724e-12,2.08942290469359e-12
1.9402637318011e-12,2.08175255889498e-12
1.93601176458112e-12,2.07413987596564e-12
1.9317401354768e-12,2.06658684931262e-12
1.92744987958897e-12,2.05909542999375e-12
1.92314202616981e-12,2.05166752608281e-12
1.91881759815098e-12,2.04430500207022e-12
1.91447761168049e-12,2.0370096782996e-12
1.91012307566848e-12,2.02978333044055e-12
1.90575499134207e-12,2.02262768899774e-12
1.90137435180983e-12,2.01554443885665e-12
1.89698214163591e-12,2.00853521886582e-12
1.89257933642415e-12,2.00160162145611e-12
1.88816690241252e-12,1.99474519229674e-12
1.88374579607798e-12,1.98796742998827e-12
1.87931696375202e-12,1.98126978579256e-12
1.87488134124718e-12,1.97465366339961e-12
1.87043985349471e-12,1.96812041873124e-12
1.86599341419349e-12,1.96167135978163e-12
1.86154292547051e-12,1.95530774649437e-12
1.85708927755299e-12,1.94903079067603e-12
1.85263334845237e-12,1.94284165594605e-12
1.84817600366025e-12,1.93674145772256e-12
1.8437180958565e-12,1.93073126324414e-12
1.83926046462956e-12,1.92481209162688e-12
1.83480393620914e-12,1.91898491395677e-12
1.8303493232114e-12,1.91325065341677e-12
1.82589742439662e-12,1.90761018544835e-12
1.82144902443955e-12,1.90206433794693e-12
1.8170048937125e-12,1.89661389149102e-12
1.81256578808102e-12,1.89125957960414e-12
1.80813244871263e-12,1.8860020890496e-12
1.80370560189815e-12,1.88084206015699e-12
1.79928595888597e-12,1.87578008718023e-12
1.79487421572922e-12,1.87081671868649e-12
1.79047105314567e-12,1.86595245797517e-12
1.78607713639065e-12,1.86118776352662e-12
1.78169311514254e-12,1.85652304947955e-12
1.77731962340128e-12,1.85195868613681e-12
1.77295727939942e-12,1.8474950004985e-12
1.76860668552592e-12,1.84313227682184e-12
1.76426842826252e-12,1.83887075720704e-12
1.75994307813258e-12,1.83471064220822e-12
1.75563118966246e-12,1.83065209146884e-12
1.75133330135503e-12,1.82669522438047e-12
1.7470499356755e-12,1.82284012076444e-12
1.74278159904932e-12,1.81908682157516e-12
1.73852878187196e-12,1.81543532962443e-12
1.73429195853054e-12,1.81188561032585e-12
1.730071587437e-12,1.80843759245824e-12
1.72586811107291e-12,1.8050911689474e-12
1.72168195604542e-12,1.8018461976651e-12
1.71751353315443e-12,1.79870250224436e-12
1.71336323747064e-12,1.79565987291021e-12
1.70923144842433e-12,1.79271806732472e-12
1.70511852990471e-12,1.78987681144561e-12
1.70102483036953e-12,1.78713580039725e-12
1.69695068296474e-12,1.78449469935302e-12
1.69289640565413e-12,1.78195314442845e-12
1.68886230135841e-12,1.7795107435835e-12
1.68484865810379e-12,1.77716707753354e-12
1.6808557491796e-12,1.77492170066771e-12
1.67688383330485e-12,1.77277414197385e-12
1.67293315480324e-12,1.77072390596884e-12
1.66900394378666e-12,1.76877047363347e-12
1.66509641634659e-12,1.76691330335078e-12
1.66121077475339e-12,1.76515183184689e-12
1.65734720766293e-12,1.76348547513337e-12
1.65350589033056e-12,1.76191362945014e-12
1.64968698483187e-12,1.76043567220788e-12
1.64589064029007e-12,1.75905096292911e-12
1.64211699310968e-12,1.75775884418681e-12
1.63836616721621e-12,1.7565586425398e-12
1.63463827430148e-12,1.75544966946386e-12
1.63093341407441e-12,1.75443122227765e-12
1.62725167451671e-12,1.75350258506255e-12
1.62359313214345e-12,1.75266302957553e-12
1.61995785226806e-12,1.75191181615419e-12
1.61634588927129e-12,1.75124819461299e-12
1.61275728687414e-12,1.75067140512998e-12
1.60919207841416e-12,1.75018067912307e-12
1.60565028712494e-12,1.7497752401151e-12
1.60213192641839e-12,1.74945430458689e-12
1.59863700016965e-12,1.74921708281748e-12
1.59516550300402e-12,1.74906277971081e-12
1.59171742058598e-12,1.74899059560825e-12
1.58829272990958e-12,1.7489997270859e-12
1.58489139959025e-12,1.74908936773644e-12
1.58151339015744e-12,1.74925870893453e-12
1.57815865434796e-12,1.7495069405853e-12
1.5748271373996e-12,1.74983325185514e-12
1.57151877734484e-12,1.7502368318845e-12
1.56823350530418e-12,1.7507168704817e-12
1.56497124577905e-12,1.75127255879776e-12
1.56173191694371e-12,1.75190308998114e-12
1.55851543093609e-12,1.75260765981252e-12
1.55532169414714e-12,1.7533854673186e-12
1.55215060750851e-12,1.75423571536496e-12
1.54900206677825e-12,1.75515761122726e-12
1.54587596282416e-12,1.75615036714061e-12
1.54277218190476e-12,1.75721320082667e-12
1.53969060594733e-12,1.75834533599822e-12
1.53663111282305e-12,1.75954600284085e-12
1.53359357661879e-12,1.76081443847172e-12
1.53057786790541e-12,1.76214988737489e-12
1.5275838540023e-12,1.7635516018132e-12
1.52461139923794e-12,1.76501884221658e-12
1.5216603652063e-12,1.76655087754654e-12
1.51873061101878e-12,1.76814698563684e-12
1.5158219935516e-12,1.76980645351021e-12
1.51293436768837e-12,1.77152857767113e-12
1.5100675865576e-12,1.77331266437458e-12
1.50722150176514e-12,1.77515802987104e-12
1.50439596362118e-12,1.77706400062728e-12
1.50159082136177e-12,1.77902991352369e-12
1.4988059233647e-12,1.78105511602762e-12
1.4960411173595e-12,1.78313896634344e-12
1.4932962506315e-12,1.78528083353893e-12
1.49057117021981e-12,1.78748009764877e-12
1.48786572310909e-12,1.78973614975482e-12
1.48517975641498e-12,1.79204839204392e-12
1.48251311756305e-12,1.79441623784304e-12
1.47986565446127e-12,1.79683911163251e-12
1.47723721566591e-12,1.79931644903734e-12
1.47462765054057e-12,1.80184769679716e-12
1.47203680940864e-12,1.80443231271514e-12
1.46946454369877e-12,1.80706976558617e-12
1.46691070608355e-12,1.80975953510499e-12
1.46437515061122e-12,1.8125011117544e-12
1.46185773283042e-12,1.81529399667433e-12
1.45935830990798e-12,1.81813770151209e-12
1.45687674073968e-12,1.82103174825433e-12
1.45441288605396e-12,1.82397566904125e-12
1.45196660850872e-12,1.82696900596379e-12
1.44953777278097e-12,1.83001131084405e-12
1.44712624564965e-12,1.83310214499987e-12
1.44473189607136e-12,1.83624107899389e-12
1.44235459524922e-12,1.83942769236802e-12
1.43999421669485e-12,1.84266157336357e-12
1.4376506362835e-12,1.84594231862816e-12
1.43532373230239e-12,1.84926953290965e-12
1.43301338549237e-12,1.85264282873803e-12
1.43071947908294e-12,1.85606182609596e-12
1.42844189882069e-12,1.8595261520784e-12
1.42618053299133e-12,1.86303544054249e-12
1.42393527243526e-12,1.86658933174787e-12
1.421706010557e-12,1.87018747198867e-12
1.41949264332835e-12,1.87382951321755e-12
1.41729506928561e-12,1.87751511266262e-12
1.41511318952079e-12,1.88124393243816e-12
1.41294690766714e-12,1.88501563914959e-12
1.41079612987898e-12,1.88882990349364e-12
1.408660764806e-12,1.89268639985447e-12
1.40654072356227e-12,1.89658480589637e-12
1.40443591968998e-12,1.90052480215385e-12
1.40234626911824e-12,1.90450607161995e-12
1.40027169011682e-12,1.90852829933335e-12
1.39821210324542e-12,1.91259117196518e-12
1.39616743129815e-12,1.91669437740618e-12
1.39413759924383e-12,1.92083760435485e-12
1.39212253416206e-12,1.92502054190764e-12
1.39012216517521e-12,1.92924287915147e-12
1.38813642337676e-12,1.93350430475955e-12
1.38616524175586e-12,1.93780450659123e-12
1.38420855511859e-12,1.94214317129634e-12
1.38226630000592e-12,1.94651998392494e-12
1.38033841460871e-12,1.95093462754298e-12
1.37842483867982e-12,1.95538678285456e-12
1.37652551344361e-12,1.95987612783155e-12
1.37464038150311e-12,1.96440233735092e-12
1.37276938674485e-12,1.9689650828407e-12
1.37091247424184e-12,1.97356403193496e-12
1.36906959015456e-12,1.9781988481383e-12
1.3672406816306e-12,1.98286919050084e-12
1.36542569670272e-12,1.98757471330359e-12
1.36362458418591e-12,1.99231506575531e-12
1.36183729357336e-12,1.99708989170104e-12
1.36006377493176e-12,2.00189882934278e-12
1.35830397879605e-12,2.006741510973e-12
1.35655785606382e-12,2.01161756272103e-12
1.35482535788957e-12,2.01652660431324e-12
1.35310643557911e-12,2.02146824884683e-12
1.35140104048413e-12,2.02644210257815e-12
1.34970912389732e-12,2.03144776472539e-12
1.34803063694818e-12,2.0364848272864e-12
1.34636553049957e-12,2.04155287487152e-12
1.34471375504552e-12,2.0466514845521e-12
1.34307526061005e-12,2.05178022572451e-12
1.34144999664763e-12,2.05693865999027e-12
1.33983791194509e-12,2.06212634105219e-12
1.33823895452542e-12,2.06734281462684e-12
1.33665307155348e-12,2.07258761837342e-12
1.33508020924388e-12,2.0778602818392e-12
1.33352031277108e-12,2.08316032642147e-12
1.33197332618203e-12,2.0884872653463e-12
1.33043919231136e-12,2.09384060366396e-12
1.32891785269935e-12,2.09921983826095e-12
1.32740924751283e-12,2.10462445788887e-12
1.32591331546903e-12,2.11005394320981e-12
1.32442999376276e-12,2.11550776685839e-12
