1.75162809488709e-12,2.0131442504153e-12
1.75237240031579e-12,2.01842617380423e-12
1.75311359652254e-12,2.02371565442829e-12
1.75385168050768e-12,2.02901266250092e-12
1.75458664925709e-12,2.03431716783245e-12
1.75531849974222e-12,2.03962913982812e-12
1.75604722892e-12,2.04494854748603e-12
1.75677283373287e-12,2.05027535939526e-12
1.75749531110872e-12,2.05560954373385e-12
1.75821465796089e-12,2.06095106826683e-12
1.75893087118813e-12,2.06629990034427e-12
1.75964394767459e-12,2.07165600689936e-12
1.7603538842898e-12,2.07701935444635e-12
1.76106067788868e-12,2.08238990907877e-12
1.76176432531147e-12,2.08776763646733e-12
1.76246482338377e-12,2.0931525018581e-12
1.76316216891648e-12,2.0985444700705e-12
1.76385635870586e-12,2.10394350549545e-12
1.76454738953341e-12,2.10934957209336e-12
1.76523525816599e-12,2.11476263339232e-12
1.76591996135569e-12,2.1201826524861e-12
1.76660149583993e-12,2.12560959203232e-12
1.76727985834138e-12,2.13104341425049e-12
1.767955045568e-12,2.13648408092017e-12
1.76862705421301e-12,2.14193155337904e-12
1.76929588095491e-12,2.14738579252107e-12
1.76996152245746e-12,2.15284675879459e-12
1.77062397536971e-12,2.15831441220047e-12
1.77128323632599e-12,2.16378871229022e-12
1.77193930194588e-12,2.16926961816416e-12
1.77259216883428e-12,2.17475708846954e-12
1.77324183358137e-12,2.18025108139874e-12
1.77388829276262e-12,2.18575155468736e-12
1.77453154293883e-12,2.19125846561245e-12
1.77517158065609e-12,2.19677177099068e-12
1.77580840244586e-12,2.20229142717646e-12
1.7764420048249e-12,2.20781739006018e-12
1.77707238429535e-12,2.21334961506639e-12
1.77769953734471e-12,2.21888805715196e-12
1.77832346044588e-12,2.22443267080435e-12
1.77894415005714e-12,2.22998341003976e-12
1.77956160262221e-12,2.23554022840135e-12
1.78017581457024e-12,2.24110307895749e-12
1.78078678231583e-12,2.24667191429998e-12
1.78139450225907e-12,2.25224668654226e-12
1.78199897078554e-12,2.25782734731766e-12
1.78260018426636e-12,2.26341384777766e-12
1.78319813905819e-12,2.26900613859015e-12
1.78379283150325e-12,2.27460416993762e-12
1.78438425792937e-12,2.2802078915155e-12
1.78497241465e-12,2.28581725253042e-12
1.78555729796426e-12,2.29143220169846e-12
1.7861389041569e-12,2.29705268724341e-12
1.78671722949844e-12,2.30267865689512e-12
1.78729227024511e-12,2.30831005788777e-12
1.78786402263891e-12,2.31394683695817e-12
1.78843248290765e-12,2.31958894034405e-12
1.78899764726496e-12,2.32523631378238e-12
1.78955951191038e-12,2.33088890250773e-12
1.79011807302932e-12,2.33654665125056e-12
1.79067332679313e-12,2.34220950423553e-12
1.79122526935914e-12,2.34787740517989e-12
1.79177389687072e-12,2.35355029729182e-12
1.79231920545726e-12,2.35922812326873e-12
1.79286119123424e-12,2.36491082529568e-12
1.79339985030328e-12,2.37059834504368e-12
1.79393517875217e-12,2.37629062366812e-12
1.79446717265489e-12,2.38198760180712e-12
1.79499582807171e-12,2.38768921957992e-12
1.79552114104914e-12,2.39339541658522e-12
1.79604310762005e-12,2.39910613189966e-12
1.79656172380372e-12,2.40482130407618e-12
1.7970769856058e-12,2.41054087114238e-12
1.79758888901843e-12,2.416264770599e-12
1.79809743002027e-12,2.42199293941831e-12
1.79860260457651e-12,2.42772531404254e-12
1.79910440863899e-12,2.43346183038231e-12
1.79960283814614e-12,2.43920242381505e-12
1.80009788902316e-12,2.44494702918349e-12
1.80058955718194e-12,2.45069558079404e-12
1.80107783852118e-12,2.4564480124153e-12
1.80156272892644e-12,2.46220425727649e-12
1.80204422427016e-12,2.46796424806595e-12
1.80252232041172e-12,2.47372791692957e-12
1.80299701319752e-12,2.47949519546928e-12
1.80346829846096e-12,2.48526601474156e-12
1.80393617202257e-12,2.4910403052559e-12
1.80440062969003e-12,2.49681799697329e-12
1.80486166725821e-12,2.50259901930478e-12
1.80531928050922e-12,2.50838330110989e-12
1.8057734652125e-12,2.51417077069521e-12
1.80622421712484e-12,2.51996135581287e-12
1.80667153199044e-12,2.52575498365906e-12
1.80711540554096e-12,2.53155158087261e-12
1.8075558334956e-12,2.53735107353345e-12
1.80799281156111e-12,2.54315338716122e-12
1.8084263354319e-12,2.54895844671377e-12
1.80885640079005e-12,2.55476617658573e-12
1.80928300330537e-12,2.56057650060704e-12
1.80970613863549e-12,2.56638934204157e-12
1.81012580242588e-12,2.57220462358561e-12
1.81054199030991e-12,2.57802226736652e-12
1.81095469790893e-12,2.58384219494125e-12
1.81136392083231e-12,2.58966432729494e-12
1.81176965467749e-12,2.59548858483951e-12
1.81217189503005e-12,2.60131488741228e-12
1.81257063746377e-12,2.60714315427451e-12
1.81296587754066e-12,2.61297330411005e-12
1.81335761081106e-12,2.61880525502395e-12
1.81374583281365e-12,2.62463892454103e-12
1.81413053907554e-12,2.63047422960455e-12
1.81451172511234e-12,2.63631108657481e-12
1.81488938642817e-12,2.64214941122778e-12
1.81526351851574e-12,2.64798911875374e-12
1.81563411685645e-12,2.65383012375591e-12
1.81600117692038e-12,2.6596723402491e-12
1.81636469416637e-12,2.66551568165835e-12
1.81672466404212e-12,2.67136006081762e-12
1.81708108198419e-12,2.67720538996839e-12
1.81743394341808e-12,2.68305158075839e-12
1.81778324375829e-12,2.68889854424018e-12
1.81812897840841e-12,2.69474619086995e-12
1.81847114276109e-12,2.70059443050606e-12
1.8188097321982e-12,2.70644317240783e-12
1.81914474209082e-12,2.71229232523416e-12
1.81947616779931e-12,2.71814179704229e-12
1.81980400467341e-12,2.72399149528641e-12
1.82012824805223e-12,2.72984132681642e-12
1.82044889326435e-12,2.73569119787668e-12
1.82076593562787e-12,2.74154101410459e-12
1.82107937045048e-12,2.74739068052945e-12
1.82138919302947e-12,2.75324010157107e-12
1.82169539865185e-12,2.75908918103859e-12
1.82199798259437e-12,2.76493782212911e-12
1.82229694012355e-12,2.77078592742653e-12
1.82259226649583e-12,2.77663339890023e-12
1.82288395695751e-12,2.78248013790381e-12
1.82317200674489e-12,2.78832604517386e-12
1.8234564110843e-12,2.79417102082874e-12
1.82373716519212e-12,2.80001496436727e-12
1.82401426427491e-12,2.80585777466757e-12
1.8242877035294e-12,2.81169934998578e-12
1.82455747814258e-12,2.81753958795487e-12
1.82482358329174e-12,2.82337838558338e-12
1.82508601414451e-12,2.82921563925422e-12
1.82534476585897e-12,2.83505124472352e-12
1.82559983358364e-12,2.84088509711928e-12
1.82585121245757e-12,2.84671709094033e-12
1.82609889761039e-12,2.85254712005507e-12
1.82634288416234e-12,2.8583750777002e-12
1.82658316722436e-12,2.86420085647969e-12
1.82681974189812e-12,2.87002434836346e-12
1.82705260327606e-12,2.8758454446863e-12
1.82728174644149e-12,2.88166403614667e-12
1.82750716646859e-12,2.88748001280551e-12
1.82772885842248e-12,2.89329326408511e-12
1.8279468173593e-12,2.89910367876796e-12
1.82816103832621e-12,2.90491114499559e-12
1.82837151636147e-12,2.91071555026744e-12
1.82857824649451e-12,2.9165167814397e-12
1.82878122374593e-12,2.92231472472424e-12
1.82898044312759e-12,2.92810926568739e-12
1.82917589964266e-12,2.93390028924893e-12
1.82936758828565e-12,2.9396876796809e-12
1.82955550404244e-12,2.94547132060651e-12
1.8297396418904e-12,2.95125109499909e-12
1.82991999679837e-12,2.95702688518092e-12
1.83009656372674e-12,2.96279857282221e-12
1.83026933762749e-12,2.96856603893999e-12
1.83043831344423e-12,2.97432916389705e-12
1.83060348611227e-12,2.98008782740085e-12
1.83076485055865e-12,2.9858419085025e-12
1.8309224017022e-12,2.99159128559567e-12
1.83107613445355e-12,2.99733583641558e-12
1.83122604371522e-12,3.00307543803793e-12
1.83137212438166e-12,3.00880996687791e-12
1.83151437133928e-12,3.01453929868917e-12
1.83165277946649e-12,3.02026330856274e-12
1.83178734363378e-12,3.02598187092615e-12
1.83191805870371e-12,3.03169485954232e-12
1.83204491953103e-12,3.03740214750864e-12
1.83216792096263e-12,3.04310360725595e-12
1.83228705783768e-12,3.0487991105476e-12
1.83240232498761e-12,3.05448852847849e-12
1.83251371723618e-12,3.06017173147406e-12
1.83262122939952e-12,3.06584858928945e-12
1.83272485628616e-12,3.07151897100847e-12
1.83282459269709e-12,3.07718274504272e-12
1.83292043342581e-12,3.08283977913067e-12
1.83301237325836e-12,3.08848994033679e-12
1.83310040697333e-12,3.0941330950506e-12
1.833184529342e-12,3.09976910898583e-12
1.83326473512825e-12,3.10539784717953e-12
1.83334101908872e-12,3.11101917399122e-12
1.83341337597278e-12,3.11663295310206e-12
1.83348180052262e-12,3.12223904751397e-12
1.83354628747323e-12,3.12783731954887e-12
1.83360683155251e-12,3.13342763084781e-12
1.83366342748128e-12,3.13900984237021e-12
1.83371606997331e-12,3.14458381439304e-12
1.8337647537354e-12,3.15014940651012e-12
1.83380947346735e-12,3.15570647763125e-12
1.8338502238621e-12,3.16125488598161e-12
1.8338869996057e-12,3.16679448910089e-12
1.83391979537737e-12,3.17232514384267e-12
1.83394860584954e-12,3.17784670637368e-12
1.8339734256879e-12,3.18335903217315e-12
1.83399424955145e-12,3.18886197603209e-12
1.83401107209252e-12,3.19435539205268e-12
1.83402388795681e-12,3.19983913364765e-12
1.83403269178347e-12,3.20531305353958e-12
1.83403747820509e-12,3.21077700376041e-12
1.83403824184778e-12,3.21623083565078e-12
1.8340349773312e-12,3.22167439985948e-12
1.83402767926862e-12,3.22710754634293e-12
1.83401634226691e-12,3.23253012436461e-12
1.83400096092665e-12,3.23794198249462e-12
1.83398152984215e-12,3.24334296860911e-12
1.83395804360145e-12,3.24873292988985e-12
1.83393049678645e-12,3.25411171282383e-12
1.83389888397286e-12,3.25947916320275e-12
1.83386319973032e-12,3.26483512612268e-12
1.83382343862243e-12,3.27017944598365e-12
1.83377959520671e-12,3.27551196648928e-12
1.83373166403481e-12,3.2808325306465e-12
1.83367963965241e-12,3.28614098076518e-12
1.83362351659931e-12,3.29143715845786e-12
1.83356328940955e-12,3.29672090463954e-12
1.83349895261132e-12,3.30199205952732e-12
1.83343050072714e-12,3.30725046264035e-12
1.83335792827384e-12,3.31249595279953e-12
1.8332812297626e-12,3.31772836812736e-12
1.83320039969904e-12,3.32294754604788e-12
1.83311543258327e-12,3.32815332328654e-12
1.83302632290991e-12,3.33334553587008e-12
1.83293306516816e-12,3.33852401912655e-12
1.83283565384185e-12,3.34368860768526e-12
1.83273408340949e-12,3.34883913547683e-12
1.83262834834437e-12,3.35397543573324e-12
1.83251844311451e-12,3.35909734098787e-12
1.83240436218284e-12,3.36420468307565e-12
1.83228610000719e-12,3.36929729313325e-12
1.83216365104032e-12,3.37437500159916e-12
1.83203700973007e-12,3.379437638214e-12
1.83190617051934e-12,3.38448503202073e-12
1.83177112784619e-12,3.38951701136499e-12
1.83163187614388e-12,3.39453340389535e-12
1.83148840984097e-12,3.39953403656373e-12
1.83134072336135e-12,3.40451873562582e-12
1.83118881112429e-12,3.40948732664145e-12
1.8310326675446e-12,3.41443963447518e-12
1.83087228703258e-12,3.41937548329672e-12
1.83070766399416e-12,3.42429469658157e-12
1.83053879283096e-12,3.42919709711159e-12
1.83036566794036e-12,3.43408250697567e-12
1.83018828371557e-12,3.43895074757045e-12
1.8300066345457e-12,3.44380163960098e-12
1.82982071481585e-12,3.44863500308162e-12
1.8296305189072e-12,3.45345065733681e-12
1.82943604119706e-12,3.45824842100193e-12
1.82923727605898e-12,3.46302811202431e-12
1.8290342178628e-12,3.46778954766412e-12
1.82882686097477e-12,3.47253254449549e-12
1.82861519975764e-12,3.47725691840752e-12
1.8283992285707e-12,3.48196248460544e-12
1.82817894176993e-12,3.48664905761184e-12
1.82795433370808e-12,3.49131645126785e-12
1.8277253987347e-12,3.49596447873445e-12
1.82749213119635e-12,3.50059295249384e-12
1.82725452543659e-12,3.50520168435085e-12
1.82701257579618e-12,3.50979048543443e-12
1.82676627661308e-12,3.51435916619912e-12
1.82651562222265e-12,3.51890753642668e-12
1.8262606069577e-12,3.52343540522771e-12
1.82600122514861e-12,3.52794258104342e-12
1.82573747112348e-12,3.53242887164733e-12
1.82546933920817e-12,3.53689408414716e-12
1.82519682372649e-12,3.54133802498671e-12
1.82491991900031e-12,3.54576049994786e-12
1.82463861934962e-12,3.55016131415256e-12
1.82435291909271e-12,3.55454027206495e-12
1.82406281254632e-12,3.55889717749359e-12
1.82376829402571e-12,3.56323183359368e-12
1.82346935784482e-12,3.56754404286931e-12
1.82316599831641e-12,3.57183360717595e-12
1.82285820975219e-12,3.57610032772288e-12
1.82254598646299e-12,3.58034400507572e-12
1.82222932275887e-12,3.58456443915908e-12
1.82190821294926e-12,3.58876142925924e-12
1.82158265134316e-12,3.59293477402692e-12
1.82125263224924e-12,3.59708427148016e-12
1.82091814997605e-12,3.60120971900722e-12
1.82057919883211e-12,3.60531091336965e-12
1.82023577312619e-12,3.60938765070541e-12
1.81988786716733e-12,3.61343972653197e-12
1.8195354752651e-12,3.61746693574967e-12
1.81917859172981e-12,3.62146907264512e-12
1.81881721087256e-12,3.62544593089447e-12
1.81845132700559e-12,3.62939730356726e-12
1.81808093444227e-12,3.63332298312975e-12
