1.06408103196897e-12,1.04805616906723e-12
1.0679321855394e-12,1.0508108112488e-12
1.07178354109913e-12,1.0534839538291e-12
1.07563375938062e-12,1.05607368456803e-12
1.07948147430822e-12,1.05857810339384e-12
1.08332529372523e-12,1.06099532435856e-12
1.08716380016338e-12,1.06332347761194e-12
1.09099555165419e-12,1.06556071139147e-12
1.09481908258136e-12,1.06770519402577e-12
1.0986329045738e-12,1.06975511594886e-12
1.10243550743825e-12,1.07170869172261e-12
1.10622536013084e-12,1.07356416206459e-12
1.11000091176658e-12,1.07531979587857e-12
1.11376059266592e-12,1.07697389228501e-12
1.11750281543719e-12,1.07852478264853e-12
1.12122597609393e-12,1.07997083259959e-12
1.124928455206e-12,1.08131044404751e-12
1.12860861908302e-12,1.082542057182e-12
1.13226482098919e-12,1.0836641524601e-12
1.1358954023878e-12,1.08467525257579e-12
1.13949869421432e-12,1.08557392440937e-12
1.14307301817647e-12,1.08635878095346e-12
1.14661668807977e-12,1.08702848321306e-12
1.15012801117714e-12,1.08758174207638e-12
1.15360528954079e-12,1.08801732015395e-12
1.15704682145487e-12,1.08833403358283e-12
1.16045090282722e-12,1.08853075379322e-12
1.16381582861835e-12,1.08860640923475e-12
1.16713989428605e-12,1.08855998705948e-12
1.17042139724378e-12,1.08839053475907e-12
1.17365863833098e-12,1.08809716175333e-12
1.17684992329348e-12,1.0876790409276e-12
1.17999356427215e-12,1.08713541011627e-12
1.18308788129784e-12,1.08646557353014e-12
1.18613120379071e-12,1.08566890312487e-12
1.18912187206208e-12,1.08474483990848e-12
1.19205823881664e-12,1.08369289518531e-12
1.19493867065338e-12,1.08251265173442e-12
1.19776154956294e-12,1.08120376492017e-12
1.20052527441966e-12,1.07976596373299e-12
1.20322826246614e-12,1.07819905175835e-12
1.20586895078859e-12,1.07650290807204e-12
1.20844579778069e-12,1.07467748806012e-12
1.21095728459432e-12,1.07272282416166e-12
1.21340191657496e-12,1.07063902653289e-12
1.21577822467995e-12,1.06842628363125e-12
1.21808476687771e-12,1.066084862718e-12
1.22032012952588e-12,1.06361511027812e-12
1.22248292872674e-12,1.06101745235648e-12
1.22457181165787e-12,1.05829239480927e-12
1.22658545787626e-12,1.05544052346973e-12
1.22852258059427e-12,1.05246250422759e-12
1.23038192792542e-12,1.0493590830215e-12
1.2321622840985e-12,1.04613108574396e-12
1.23386247063833e-12,1.04277941805851e-12
1.2354813475114e-12,1.03930506512882e-12
1.23701781423503e-12,1.03570909125958e-12
1.23847081094828e-12,1.03199263944942e-12
1.23983931944345e-12,1.02815693085574e-12
1.24112236415638e-12,1.02420326417202e-12
1.24231901311457e-12,1.02013301491784e-12
1.24342837884152e-12,1.01594763464235e-12
1.24444961921624e-12,1.01164865004172e-12
1.2453819382866e-12,1.00723766199155e-12
1.2462245870356e-12,1.0027163444951e-12
1.24697686409934e-12,9.98086443548544e-13
1.24763811643581e-12,9.93349775924292e-13
1.24820773994354e-12,9.88508227873915e-13
1.24868518002936e-12,9.83563753752055e-13
1.24906993212439e-12,9.78518374562875e-13
1.24936154214774e-12,9.73374176430885e-13
1.24955960691711e-12,9.68133308997864e-13
1.24966377450589e-12,9.62797983747864e-13
1.2496737445463e-12,9.57370472262402e-13
1.24958926847818e-12,9.5185310440796e-13
1.24941014974299e-12,9.46248266458049e-13
1.2491362439231e-12,9.40558399152311e-13
1.24876745882588e-12,9.34785995695052e-13
1.24830375451283e-12,9.2893359969577e-13
1.24774514327353e-12,9.23003803054446e-13
1.24709168954468e-12,9.16999243794216e-13
1.2463435097743e-12,9.10922603844365e-13
1.24550077223139e-12,9.04776606776463e-13
1.24456369676132e-12,8.98564015496716e-13
1.24353255448753e-12,8.92287629897491e-13
1.24240766745976e-12,8.85950284471199e-13
1.24118940824963e-12,8.79554845889678e-13
1.23987819949402e-12,8.73104210552276e-13
1.2384745133871e-12,8.66601302105958e-13
1.2369788711217e-12,8.60049068940714e-13
1.23539184228089e-12,8.53450481663607e-13
1.23371404418074e-12,8.46808530554865e-13
1.23194614116522e-12,8.40126223009429e-13
1.23008884385431e-12,8.33406580967335e-13
1.2281429083464e-12,8.26652638336409e-13
1.22610913537625e-12,8.19867438410727e-13
1.2239883694297e-12,8.13054031288229e-13
1.22178149781641e-12,8.06215471291009e-13
1.21948944970208e-12,7.99354814391658e-13
1.21711319510151e-12,7.92475115649103e-13
1.21465374383388e-12,7.85579426657334e-13
1.21211214444201e-12,7.78670793010406e-13
1.20948948307684e-12,7.71752251787021e-13
1.20678688234907e-12,7.64826829058044e-13
1.20400550014927e-12,7.57897537420167e-13
1.20114652843846e-12,7.50967373558942e-13
1.19821119201064e-12,7.44039315844358e-13
1.19520074722917e-12,7.3711632196205e-13
1.19211648073872e-12,7.30201326583141e-13
1.18895970815454e-12,7.23297239075731e-13
1.18573177273109e-12,7.16406941260905e-13
1.18243404401163e-12,7.09533285216022e-13
1.17906791646076e-12,7.02679091128088e-13
1.17563480808189e-12,6.95847145199792e-13
1.17213615902132e-12,6.89040197610772e-13
1.16857343016102e-12,6.82260960536569e-13
1.16494810170192e-12,6.7551210622756e-13
1.16126167173971e-12,6.68796265150227e-13
1.15751565483491e-12,6.62116024192746e-13
1.15371158057932e-12,6.55473924937055e-13
1.14985099216054e-12,6.48872461999236e-13
1.14593544492666e-12,6.42314081440012e-13
1.14196650495279e-12,6.35801179247045e-13
1.13794574761148e-12,6.29336099890587e-13
1.13387475614867e-12,6.22921134953889e-13
1.12975512026724e-12,6.16558521839671e-13
1.12558843471968e-12,6.10250442553841e-13
1.1213762979119e-12,6.03999022567483e-13
1.11712031051972e-12,5.97806329758006e-13
1.11282207411984e-12,5.9167437343028e-13
1.10848318983701e-12,5.85605103418343e-13
1.10410525700883e-12,5.79600409268215e-13
1.09968987187007e-12,5.736621195022e-13
1.09523862625776e-12,5.67792000964893e-13
1.09075310633875e-12,5.61991758251011e-13
1.08623489136113e-12,5.56263033214998e-13
1.08168555243089e-12,5.50607404562314e-13
1.07710665131525e-12,5.45026387521973e-13
1.07249973927386e-12,5.39521433600078e-13
1.06786635591926e-12,5.34093930413663e-13
1.06320802810758e-12,5.28745201604222e-13
1.0585262688609e-12,5.23476506830125e-13
1.05382257632204e-12,5.18289041836948e-13
1.04909843274307e-12,5.13183938604704e-13
1.04435530350818e-12,5.08162265570779e-13
1.03959463619224e-12,5.03225027927329e-13
1.03481785965535e-12,4.98373167991649e-13
1.03002638317457e-12,4.93607565648125e-13
1.02522159561331e-12,4.88929038860047e-13
1.02040486462906e-12,4.84338344249627e-13
1.01557753591999e-12,4.79836177744389e-13
1.01074093251099e-12,4.75423175288016e-13
1.00589635407952e-12,4.71099913613649e-13
1.00104507632159e-12,4.66866911077547e-13
9.96188350358269e-13,4.62724628550969e-13
9.91327402182872e-13,4.58673470367977e-13
9.86463432148995e-13,4.54713785326874e-13
9.81597614499491e-13,4.50845867742879e-13
9.76731096936444e-13,4.47069958549603e-13
9.71865000232036e-13,4.43386246446767e-13
9.67000417880265e-13,4.39794869091667e-13
9.62138415789301e-13,4.36295914331714e-13
9.57280032014276e-13,4.32889421475438e-13
9.52426276530184e-13,4.29575382599241e-13
9.47578131044573e-13,4.26353743887195e-13
9.42736548849562e-13,4.23224407001125e-13
9.3790245471276e-13,4.20187230478205e-13
9.33076744806515e-13,4.17242031153304e-13
9.2826028667494e-13,4.14388585603261e-13
9.23453919238034e-13,4.11626631610311e-13
9.18658452832247e-13,4.08955869641847e-13
9.13874669286726e-13,4.06375964343753e-13
9.09103322034427e-13,4.03886546044494e-13
9.04345136257307e-13,4.01487212267226e-13
8.99600809064666e-13,3.99177529247185e-13
8.94871009703727e-13,3.9695703345162e-13
8.90156379801492e-13,3.94825233099615e-13
8.85457533636874e-13,3.92781609679138e-13
8.80775058442043e-13,3.90825619458738e-13
8.76109514731937e-13,3.88956694991307e-13
8.71461436660814e-13,3.87174246607426e-13
8.66831332404727e-13,3.85477663895852e-13
8.62219684568718e-13,3.83866317168724e-13
8.57626950617636e-13,3.82339558909243e-13
8.5305356332925e-13,3.80896725199471e-13
8.4849993126853e-13,3.79537137126162e-13
8.43966439281802e-13,3.78260102162469e-13
8.3945344900957e-13,3.77064915523528e-13
8.34961299416627e-13,3.75950861493953e-13
8.30490307338329e-13,3.74917214725427e-13
8.26040768041594e-13,3.73963241502577e-13
8.21612955799485e-13,3.7308820097551e-13
8.17207124477939e-13,3.72291346357393e-13
8.12823508133475e-13,3.71571926085606e-13
8.08462321620503e-13,3.70929184945099e-13
8.04123761207029e-13,3.70362365152653e-13
7.99808005197393e-13,3.69870707400873e-13
7.95515214560869e-13,3.69453451860833e-13
7.91245533564828e-13,3.69109839142421e-13
7.86999090411186e-13,3.68839111211466e-13
7.82775997875027e-13,3.68640512262961e-13
7.78576353944067e-13,3.6851328954966e-13
7.74400242457908e-13,3.68456694165555e-13
7.7024773374581e-13,3.68469981783754e-13
7.6611888526195e-13,3.68552413348472e-13
7.6201374221695e-13,3.68703255720847e-13
7.57932338204734e-13,3.68921782278541e-13
7.5387469582353e-13,3.69207273469025e-13
7.49840827290105e-13,3.69559017316709e-13
7.458307350462e-13,3.69976309884059e-13
7.41844412356235e-13,3.70458455687012e-13
7.37881843895355e-13,3.71004768065062e-13
7.33943006326993e-13,3.71614569506542e-13
7.30027868869047e-13,3.72287191929608e-13
7.26136393847947e-13,3.73021976919677e-13
7.22268537239811e-13,3.73818275924025e-13
7.18424249198006e-13,3.74675450404416e-13
7.14603474566426e-13,3.75592871948679e-13
7.10806153377878e-13,3.76569922342245e-13
7.07032221337017e-13,3.77605993600762e-13
7.03281610287232e-13,3.78700487964891e-13
6.99554248661053e-13,3.79852817858556e-13
6.95850061913623e-13,3.81062405811949e-13
6.92168972938803e-13,3.82328684350616e-13
6.88510902467606e-13,3.83651095852068e-13
6.84875769448605e-13,3.85029092371377e-13
6.81263491410098e-13,3.86462135437285e-13
6.77673984803782e-13,3.87949695820388e-13
6.74107165329781e-13,3.89491253275e-13
6.70562948242897e-13,3.91086296256362e-13
6.67041248640015e-13,3.92734321614833e-13
6.63541981728618e-13,3.94434834268819e-13
6.60065063076415e-13,3.96187346858134e-13
6.56610408842137e-13,3.97991379379545e-13
6.53177935987607e-13,3.99846458806279e-13
6.49767562471191e-13,4.01752118693242e-13
6.4637920742283e-13,4.03707898769741e-13
6.4301279130085e-13,4.05713344521478e-13
6.39668236030817e-13,4.07768006763602e-13
6.36345465126709e-13,4.09871441206549e-13
6.33044403794736e-13,4.12023208016463e-13
6.29764979020169e-13,4.14222871371898e-13
6.2650711963758e-13,4.16469999018543e-13
6.23270756384897e-13,4.18764161823606e-13
6.20055821941736e-13,4.21104933331576e-13
6.16862250952507e-13,4.23491889322928e-13
6.13689980034785e-13,4.2592460737739e-13
6.10538947773485e-13,4.28402666443293e-13
6.07409094701402e-13,4.309256464145e-13
6.04300363266722e-13,4.33493127716383e-13
6.01212697788059e-13,4.36104690902209e-13
5.98146044397671e-13,4.3875991626129e-13
5.95100350973502e-13,4.41458383440177e-13
5.92075567060663e-13,4.44199671078129e-13
5.89071643783053e-13,4.46983356457956e-13
5.86088533745798e-13,4.49809015173403e-13
5.83126190929164e-13,4.5267622081402e-13
5.80184570574677e-13,4.5558454466851e-13
5.77263629064134e-13,4.58533555447407e-13
5.74363323792207e-13,4.61522819025876e-13
5.71483613033341e-13,4.64551898207382e-13
5.68624455803694e-13,4.67620352508833e-13
5.65785811718779e-13,4.70727737967799e-13
5.62967640847542e-13,4.7387360697226e-13
5.60169903563577e-13,4.77057508113303e-13
5.57392560394121e-13,4.80278986061079e-13
5.54635571867625e-13,4.83537581464284e-13
5.51898898360442e-13,4.86832830873261e-13
5.49182499943406e-13,4.90164266686895e-13
5.46486336228894e-13,4.93531417123206e-13
5.43810366219036e-13,4.96933806213615e-13
5.41154548155675e-13,5.00370953820692e-13
5.38518839372697e-13,5.03842375679139e-13
5.35903196151323e-13,5.07347583459737e-13
5.33307573578902e-13,5.10886084855779e-13
5.30731925411795e-13,5.144573836916e-13
5.28176203942816e-13,5.18060980052606e-13
5.25640359873773e-13,5.21696370436239e-13
5.23124342193596e-13,5.25363047923137e-13
5.20628098062452e-13,5.29060502367812e-13
5.18151572702305e-13,5.32788220607986e-13
5.15694709294332e-13,5.36545686691732e-13
5.13257448883506e-13,5.40332382121505e-13
5.10839730290783e-13,5.4414778611407e-13
5.08441490033098e-13,5.47991375875288e-13
5.06062662251542e-13,5.51862626888721e-13
5.03703178647906e-13,5.55761013216857e-13
5.01362968429875e-13,5.5968600781388e-13
4.99041958265012e-13,5.63637082848724e-13
4.96740072243712e-13,5.67613710037164e-13
4.94457231851276e-13,5.71615360981746e-13
4.92193355949183e-13,5.75641507518214e-13
4.89948360765626e-13,5.79691622067132e-13
4.87722159895359e-13,5.83765177989363e-13
4.85514664308866e-13,5.87861649944116e-13
4.83325782370826e-13,5.91980514248122e-13
4.81155419867795e-13,5.9612124923467e-13
4.79003480045082e-13,6.00283335611091e-13
4.76869863652638e-13,6.04466256813358e-13
4.74754468999874e-13,6.08669499356451e-13
