1.67402394232386e-12,1.47506138073014e-12
1.67008086411118e-12,1.4771803435009e-12
1.66616659458307e-12,1.47937999771952e-12
1.6622810152623e-12,1.48165988802112e-12
1.65842400622296e-12,1.48401955700434e-12
1.65459544607254e-12,1.4864585447586e-12
1.65079521193035e-12,1.48897638839469e-12
1.64702317940284e-12,1.49157262158035e-12
1.64327922255636e-12,1.4942467740819e-12
1.63956321388774e-12,1.49699837131353e-12
1.63587502429333e-12,1.49982693389534e-12
1.63221452303676e-12,1.50273197722155e-12
1.62858157771606e-12,1.50571301103992e-12
1.62497605423056e-12,1.50876953904373e-12
1.62139781674778e-12,1.5119010584772e-12
1.61784672767107e-12,1.51510705975558e-12
1.61432264760802e-12,1.51838702610083e-12
1.61082543534036e-12,1.52174043319382e-12
1.60735494779539e-12,1.52516674884398e-12
1.60391104001958e-12,1.52866543267722e-12
1.60049356515435e-12,1.5322359358428e-12
1.59710237441466e-12,1.53587770074001e-12
1.59373731707036e-12,1.53959016076518e-12
1.59039824043083e-12,1.54337274007967e-12
1.587084989833e-12,1.54722485339933e-12
1.58379740863302e-12,1.55114590580591e-12
1.58053533820173e-12,1.55513529258091e-12
1.5772986179242e-12,1.55919239906193e-12
1.57408708520341e-12,1.5633166005222e-12
1.57090057546822e-12,1.56750726207315e-12
1.56773892218583e-12,1.57176373859041e-12
1.56460195687867e-12,1.57608537466322e-12
1.56148950914593e-12,1.58047150456724e-12
1.55840140668975e-12,1.58492145226097e-12
1.55533747534602e-12,1.58943453140538e-12
1.55229753911994e-12,1.59401004540688e-12
1.54928142022623e-12,1.59864728748324e-12
1.54628893913399e-12,1.60334554075241e-12
1.5433199146162e-12,1.60810407834367e-12
1.54037416380376e-12,1.61292216353108e-12
1.53745150224402e-12,1.61779904988857e-12
1.53455174396366e-12,1.62273398146627e-12
1.53167470153589e-12,1.62772619298777e-12
1.52882018615174e-12,1.63277491006742e-12
1.52598800769535e-12,1.63787934944749e-12
1.52317797482316e-12,1.64303871925419e-12
1.52038989504671e-12,1.64825221927216e-12
1.51762357481894e-12,1.65351904123654e-12
1.51487881962384e-12,1.65883836914208e-12
1.51215543406905e-12,1.66420937956828e-12
1.50945322198154e-12,1.66963124202001e-12
1.50677198650572e-12,1.67510311928259e-12
1.50411153020413e-12,1.6806241677906e-12
1.50147165516018e-12,1.68619353800951e-12
1.49885216308288e-12,1.69181037482922e-12
1.49625285541323e-12,1.69747381796864e-12
1.49367353343196e-12,1.70318300239036e-12
1.49111399836851e-12,1.7089370587245e-12
1.48857405151074e-12,1.7147351137007e-12
1.48605349431541e-12,1.72057629058748e-12
1.48355212851883e-12,1.72645970963783e-12
1.48106975624771e-12,1.73238448854014e-12
1.47860618012966e-12,1.7383497428735e-12
1.47616120340333e-12,1.74435458656649e-12
1.4737346300277e-12,1.75039813235834e-12
1.47132626479038e-12,1.75647949226156e-12
1.46893591341465e-12,1.76259777802538e-12
1.46656338266491e-12,1.76875210159848e-12
1.46420848045033e-12,1.77494157559074e-12
1.46187101592648e-12,1.78116531373267e-12
1.45955079959469e-12,1.78742243133179e-12
1.45724764339876e-12,1.79371204572513e-12
1.45496136081905e-12,1.80003327672694e-12
1.45269176696356e-12,1.80638524707086e-12
1.45043867865574e-12,1.81276708284562e-12
1.44820191451902e-12,1.8191779139237e-12
1.4459812950577e-12,1.82561687438206e-12
1.44377664273413e-12,1.83208310291432e-12
1.44158778204186e-12,1.83857574323359e-12
1.43941453957482e-12,1.84509394446549e-12
1.43725674409221e-12,1.8516368615306e-12
1.43511422657901e-12,1.85820365551577e-12
1.43298682030201e-12,1.86479349403389e-12
1.4308743608613e-12,1.87140555157144e-12
1.42877668623691e-12,1.8780390098234e-12
1.42669363683088e-12,1.88469305801526e-12
1.42462505550427e-12,1.89136689321138e-12
1.42257078760946e-12,1.89805972060983e-12
1.42053068101732e-12,1.90477075382291e-12
1.41850458613953e-12,1.91149921514339e-12
1.41649235594586e-12,1.91824433579625e-12
1.41449384597646e-12,1.92500535617545e-12
1.41250891434912e-12,1.9317815260659e-12
1.41053742176164e-12,1.9385721048503e-12
1.40857923148924e-12,1.94537636170092e-12
1.40663420937708e-12,1.95219357575617e-12
1.40470222382798e-12,1.95902303628203e-12
1.40278314578543e-12,1.9658640428184e-12
1.40087684871188e-12,1.97271590531033e-12
1.39898320856261e-12,1.9795779442245e-12
1.39710210375498e-12,1.98644949065076e-12
1.39523341513354e-12,1.99332988638922e-12
1.39337702593085e-12,2.00021848402293e-12
1.39153282172428e-12,2.00711464697647e-12
1.38970069038897e-12,2.01401774956079e-12
1.38788052204698e-12,2.02092717700443e-12
1.38607220901298e-12,2.0278423254717e-12
1.38427564573651e-12,2.03476260206799e-12
1.38249072874106e-12,2.04168742483282e-12
1.38071735656017e-12,2.04861622272076e-12
1.37895542967076e-12,2.05554843557095e-12
1.37720485042382e-12,2.06248351406552e-12
1.37546552297283e-12,2.06942091967749e-12
1.3737373531999e-12,2.07636012460853e-12
1.37202024864011e-12,2.0833006117172e-12
1.37031411840406e-12,2.09024187443826e-12
1.36861887309898e-12,2.09718341669329e-12
1.3669344247486e-12,2.10412475279369e-12
1.365260686712e-12,2.11106540733608e-12
1.36359757360171e-12,2.11800491509104e-12
1.36194500120121e-12,2.12494282088562e-12
1.36030288638219e-12,2.13187867948022e-12
1.35867114702169e-12,2.13881205544039e-12
1.35704970191941e-12,2.14574252300424e-12
1.35543847071544e-12,2.15266966594584e-12
1.35383737380853e-12,2.15959307743544e-12
1.35224633227523e-12,2.16651235989674e-12
1.35066526779016e-12,2.17342712486216e-12
1.3490941025474e-12,2.18033699282628e-12
1.34753275918351e-12,2.18724159309828e-12
1.34598116070211e-12,2.19414056365374e-12
1.34443923040043e-12,2.20103355098626e-12
1.34290689179793e-12,2.20792020995963e-12
1.34138406856707e-12,2.21480020366072e-12
1.33987068446668e-12,2.22167320325382e-12
1.3383666632778e-12,2.22853888783662e-12
1.33687192874232e-12,2.23539694429836e-12
1.33538640450459e-12,2.24224706718062e-12
1.333910014056e-12,2.24908895854091e-12
1.33244268068282e-12,2.25592232781953e-12
1.33098432741731e-12,2.26274689171001e-12
1.32953487699227e-12,2.26956237403331e-12
1.32809425179911e-12,2.27636850561618e-12
1.3266623738496e-12,2.28316502417376e-12
1.32523916474116e-12,2.28995167419664e-12
1.32382454562614e-12,2.29672820684272e-12
1.32241843718477e-12,2.30349437983367e-12
1.32102075960205e-12,2.31024995735636e-12
1.31963143254852e-12,2.31699470996928e-12
1.31825037516501e-12,2.3237284145138e-12
1.31687750605139e-12,2.33045085403059e-12
1.31551274325911e-12,2.33716181768084e-12
1.31415600428789e-12,2.34386110067244e-12
1.31280720608623e-12,2.35054850419098e-12
1.31146626505582e-12,2.35722383533529e-12
1.31013309705988e-12,2.36388690705768e-12
1.30880761743525e-12,2.37053753810832e-12
1.30748974100821e-12,2.37717555298385e-12
1.30617938211408e-12,2.38380078187975e-12
1.30487645462029e-12,2.39041306064641e-12
1.30358087195302e-12,2.39701223074829e-12
1.30229254712726e-12,2.40359813922623e-12
1.30101139278006e-12,2.41017063866216e-12
1.29973732120709e-12,2.41672958714617e-12
1.29847024440211e-12,2.42327484824522e-12
1.29721007409947e-12,2.42980629097339e-12
1.29595672181929e-12,2.43632378976287e-12
1.29471009891525e-12,2.44282722443559e-12
1.29347011662493e-12,2.44931648017465e-12
1.29223668612237e-12,2.45579144749535e-12
1.29100971857275e-12,2.46225202221507e-12
1.28978912518906e-12,2.46869810542162e-12
1.28857481729059e-12,2.47512960343956e-12
1.28736670636287e-12,2.48154642779366e-12
1.28616470411919e-12,2.4879484951693e-12
1.28496872256318e-12,2.49433572736907e-12
1.28377867405255e-12,2.50070805126495e-12
1.28259447136356e-12,2.50706539874567e-12
1.28141602775616e-12,2.51340770665852e-12
1.28024325703962e-12,2.51973491674521e-12
1.2790760736383e-12,2.52604697557106e-12
1.27791439265751e-12,2.5323438344471e-12
1.27675812994927e-12,2.53862544934446e-12
1.27560720217765e-12,2.54489178080056e-12
1.27446152688358e-12,2.5511427938166e-12
1.27332102254893e-12,2.55737845774578e-12
1.27218560865971e-12,2.56359874617183e-12
1.27105520576813e-12,2.56980363677737e-12
1.26992973555331e-12,2.57599311120167e-12
1.26880912088063e-12,2.58216715488735e-12
1.26769328585939e-12,2.58832575691563e-12
1.26658215589865e-12,2.59446890982992e-12
1.26547565776111e-12,2.60059660944709e-12
1.26437371961488e-12,2.60670885465643e-12
1.26327627108293e-12,2.61280564720593e-12
1.26218324329022e-12,2.61888699147554e-12
1.26109456890814e-12,2.62495289423735e-12
1.26001018219635e-12,2.63100336440239e-12
1.25893001904184e-12,2.63703841275412e-12
1.25785401699499e-12,2.64305805166831e-12
1.25678211530269e-12,2.64906229481944e-12
1.25571425493828e-12,2.65505115687348e-12
1.25465037862834e-12,2.6610246531673e-12
1.25359043087617e-12,2.66698279937449e-12
1.25253435798195e-12,2.67292561115812e-12
1.25148210805943e-12,2.67885310381027e-12
1.25043363104925e-12,2.68476529187879e-12
1.24938887872869e-12,2.69066218878154e-12
1.24834780471797e-12,2.69654380640831e-12
1.24731036448287e-12,2.70241015471098e-12
1.24627651533397e-12,2.70826124128226e-12
1.24524621642218e-12,2.71409707092356e-12
1.24421942873078e-12,2.71991764520237e-12
1.24319611506393e-12,2.72572296199993e-12
1.24217624003169e-12,2.73151301504976e-12
1.24115977003149e-12,2.73728779346766e-12
1.24014667322626e-12,2.74304728127393e-12
1.23913691951918e-12,2.74879145690881e-12
1.23813048052505e-12,2.75452029274159e-12
1.23712732953855e-12,2.76023375457458e-12
1.23612744149923e-12,2.76593180114284e-12
1.2351307929535e-12,2.77161438361031e-12
1.23413736201366e-12,2.77728144506391e-12
1.23314712831401e-12,2.78293292000616e-12
1.23216007296427e-12,2.7885687338477e-12
1.23117617850034e-12,2.79418880240073e-12
1.23019542883256e-12,2.79979303137467e-12
1.22921780919154e-12,2.805381315875e-12
1.22824330607189e-12,2.81095353990698e-12
1.22727190717363e-12,2.81650957588486e-12
1.22630360134188e-12,2.82204928414866e-12
1.22533837850458e-12,2.82757251248922e-12
1.22437622960861e-12,2.83307909568315e-12
1.2234171465545e-12,2.83856885503921e-12
1.22246112212967e-12,2.84404159795718e-12
1.22150814994063e-12,2.84949711750085e-12
1.2205582243441e-12,2.85493519198668e-12
1.21961134037737e-12,2.86035558458929e-12
1.21866749368792e-12,2.86575804296541e-12
1.21772668046263e-12,2.87114229889778e-12
1.21678889735661e-12,2.87650806796044e-12
1.21585414142189e-12,2.88185504920677e-12
1.21492241003615e-12,2.88718292488193e-12
1.21399370083161e-12,2.89249136016095e-12
1.21306801162426e-12,2.8977800029142e-12
1.21214534034361e-12,2.90304848350131e-12
1.21122568496313e-12,2.90829641459532e-12
1.2103090434315e-12,2.91352339103825e-12
1.20939541360479e-12,2.91872898972944e-12
1.20848479317993e-12,2.92391276954825e-12
1.20757717962921e-12,2.92907427131209e-12
1.20667257013643e-12,2.93421301777139e-12
1.20577096153444e-12,2.93932851364264e-12
1.20487235024446e-12,2.94442024568059e-12
1.20397673221711e-12,2.949487682791e-12
1.20308410287546e-12,2.95453027618498e-12
1.20219445705995e-12,2.95954745957575e-12
1.20130778897566e-12,2.96453864941938e-12
1.20042409214159e-12,2.96950324519992e-12
1.19954335934237e-12,2.97444062976014e-12
1.19866558258234e-12,2.97935016967862e-12
1.19779075304211e-12,2.98423121569404e-12
1.19691886103759e-12,2.98908310317725e-12
1.19604989598165e-12,2.99390515265187e-12
1.19518384634844e-12,2.99869667036396e-12
1.19432069964029e-12,3.00345694890126e-12
1.19346044235742e-12,3.00818526786224e-12
1.19260305997025e-12,3.01288089457565e-12
1.19174853689459e-12,3.01754308487042e-12
1.19089685646938e-12,3.02217108389628e-12
1.1900480009374e-12,3.0267641269952e-12
1.18920195142843e-12,3.03132144062346e-12
1.18835868794534e-12,3.03584224332434e-12
1.18751818935272e-12,3.04032574675134e-12
1.18668043336812e-12,3.0447711567413e-12
1.185845396556e-12,3.04917767443742e-12
1.18501305432403e-12,3.05354449746135e-12
1.18418338092197e-12,3.05787082113395e-12
1.18335634944292e-12,3.06215583974405e-12
1.18253193182683e-12,3.06639874786406e-12
1.18171009886626e-12,3.07059874171219e-12
1.18089082021431e-12,3.0747550205596e-12
1.1800740643945e-12,3.07886678818181e-12
1.17925979881268e-12,3.08293325435304e-12
1.17844798977063e-12,3.08695363638212e-12
1.17763860248146e-12,3.09092716068872e-12
1.17683160108653e-12,3.09485306441822e-12
1.17602694867388e-12,3.09873059709377e-12
1.17522460729787e-12,3.10255902230368e-12
1.1744245380001e-12,3.1063376194226e-12
1.17362670083137e-12,3.11006568536426e-12
1.17283105487445e-12,3.11374253636398e-12
1.17203755826772e-12,3.11736750978895e-12
1.17124616822935e-12,3.12093996597387e-12
1.17045684108202e-12,3.12445929007986e-12
1.16966953227784e-12,3.12792489397419e-12
1.16888419642357e-12,3.13133621812853e-12
1.16810078730579e-12,3.13469273353304e-12
1.1673192579159e-12,3.13799394362372e-12
1.16653956047499e-12,3.1412393862206e-12
