1.66503641893549e-12,3.29484890714717e-12
1.6663127751078e-12,3.30626493929142e-12
1.66758730575114e-12,3.31768594591563e-12
1.66885996285615e-12,3.32911158339823e-12
1.67013069830195e-12,3.34054150674651e-12
1.67139946385644e-12,3.35197536956578e-12
1.67266621117616e-12,3.36341282402604e-12
1.67393089180583e-12,3.37485352082611e-12
1.67519345717736e-12,3.38629710915507e-12
1.67645385860851e-12,3.39774323665125e-12
1.67771204730105e-12,3.4091915493585e-12
1.67896797433854e-12,3.42064169167996e-12
1.68022159068356e-12,3.43209330632911e-12
1.68147284717465e-12,3.44354603427839e-12
1.68272169452258e-12,3.45499951470498e-12
1.6839680833063e-12,3.46645338493421e-12
1.68521196396836e-12,3.47790728038018e-12
1.68645328680987e-12,3.48936083448402e-12
1.68769200198493e-12,3.5008136786493e-12
1.68892805949464e-12,3.51226544217515e-12
1.69016140918058e-12,3.5237157521867e-12
1.69139200071776e-12,3.53516423356292e-12
1.69261978360717e-12,3.54661050886226e-12
1.69384470716772e-12,3.55805419824542e-12
1.69506672052775e-12,3.56949491939601e-12
1.69628577261604e-12,3.58093228743859e-12
1.69750181215224e-12,3.59236591485444e-12
1.69871478763687e-12,3.60379541139488e-12
1.69992464734081e-12,3.61522038399241e-12
1.70113133929422e-12,3.62664043666942e-12
1.70233481127506e-12,3.63805517044482e-12
1.703535010797e-12,3.64946418323844e-12
1.70473188509688e-12,3.66086706977323e-12
1.70592538112172e-12,3.67226342147546e-12
1.7071154455151e-12,3.68365282637291e-12
1.70830202460325e-12,3.69503486899104e-12
1.70948506438039e-12,3.70640913024717e-12
1.71066451049385e-12,3.71777518734306e-12
1.71184030822851e-12,3.72913261365542e-12
1.7130124024909e-12,3.7404809786249e-12
1.71418073779274e-12,3.75181984764337e-12
1.71534525823405e-12,3.76314878193954e-12
1.71650590748585e-12,3.77446733846331e-12
1.7176626287723e-12,3.78577506976842e-12
1.71881536485256e-12,3.79707152389395e-12
1.71996405800204e-12,3.8083562442445e-12
1.72110864999338e-12,3.81962876946925e-12
1.72224908207689e-12,3.83088863333972e-12
1.72338529496072e-12,3.8421353646269e-12
1.72451722879048e-12,3.85336848697712e-12
1.72564482312862e-12,3.86458751878732e-12
1.72676801693335e-12,3.87579197307959e-12
1.72788674853724e-12,3.88698135737495e-12
1.72900095562544e-12,3.89815517356677e-12
1.73011057521359e-12,3.90931291779378e-12
1.73121554362544e-12,3.92045408031263e-12
1.73231579647006e-12,3.9315781453704e-12
1.73341126861885e-12,3.94268459107697e-12
1.73450189418227e-12,3.95377288927739e-12
1.73558760648624e-12,3.96484250542443e-12
1.73666833804832e-12,3.97589289845131e-12
1.7377440205537e-12,3.98692352064493e-12
1.73881458483091e-12,3.99793381751941e-12
1.7398799608274e-12,4.00892322769042e-12
1.74094007758483e-12,4.01989118275009e-12
1.74199486321433e-12,4.0308371071428e-12
1.74304424487151e-12,4.0417604180421e-12
1.74408814873137e-12,4.05266052522847e-12
1.74512649996316e-12,4.06353683096855e-12
1.74615922270503e-12,4.07438872989553e-12
1.74718624003874e-12,4.08521560889124e-12
1.74820747396423e-12,4.09601684696966e-12
1.74922284537419e-12,4.10679181516226e-12
1.75023227402861e-12,4.11753987640527e-12
1.75123567852939e-12,4.12826038542888e-12
1.7522329762949e-12,4.13895268864866e-12
1.75322408353466e-12,4.14961612405919e-12
1.75420891522411e-12,4.16025002113025e-12
1.75518738507935e-12,4.17085370070531e-12
1.7561594055322e-12,4.18142647490305e-12
1.75712488770523e-12,4.19196764702138e-12
1.75808374138708e-12,4.20247651144469e-12
1.75903587500785e-12,4.212952353554e-12
1.75998119561483e-12,4.2233944496405e-12
1.76091960884837e-12,4.23380206682236e-12
1.76185101891804e-12,4.24417446296509e-12
1.76277532857915e-12,4.25451088660558e-12
1.76369243910939e-12,4.26481057687988e-12
1.76460225028604e-12,4.27507276345493e-12
1.76550466036333e-12,4.28529666646427e-12
1.76639956605031e-12,4.29548149644806e-12
1.76728686248911e-12,4.30562645429736e-12
1.76816644323353e-12,4.3157307312028e-12
1.76903820022824e-12,4.32579350860795e-12
1.76990202378831e-12,4.33581395816735e-12
1.77075780257939e-12,4.3457912417094e-12
1.77160542359828e-12,4.35572451120419e-12
1.77244477215412e-12,4.36561290873646e-12
1.77327573185022e-12,4.37545556648379e-12
1.77409818456633e-12,4.38525160670017e-12
1.77491201044173e-12,4.39500014170491e-12
1.77571708785881e-12,4.40470027387737e-12
1.77651329342743e-12,4.41435109565715e-12
1.77730050196993e-12,4.42395168955026e-12
1.77807858650688e-12,4.43350112814124e-12
1.77884741824358e-12,4.44299847411121e-12
1.77960686655734e-12,4.45244278026224e-12
1.78035679898552e-12,4.46183308954785e-12
1.78109708121447e-12,4.47116843510996e-12
1.78182757706917e-12,4.48044784032231e-12
1.78254814850394e-12,4.48967031884049e-12
1.78325865559381e-12,4.49883487465851e-12
1.78395895652701e-12,4.50794050217231e-12
1.78464890759824e-12,4.51698618625003e-12
1.78532836320295e-12,4.52597090230922e-12
1.78599717583266e-12,4.53489361640113e-12
1.78665519607113e-12,4.54375328530208e-12
1.78730227259173e-12,4.55254885661205e-12
1.78793825215567e-12,4.56127926886047e-12
1.78856297961144e-12,4.56994345161944e-12
1.7891762978952e-12,4.57854032562425e-12
1.78977804803241e-12,4.58706880290147e-12
1.79036806914041e-12,4.59552778690446e-12
1.79094619843231e-12,4.60391617265664e-12
1.79151227122183e-12,4.61223284690206e-12
1.79206612092956e-12,4.62047668826411e-12
1.79260757909017e-12,4.62864656741153e-12
1.79313647536097e-12,4.63674134723248e-12
1.79365263753162e-12,4.64475988301624e-12
1.79415589153512e-12,4.65270102264284e-12
1.79464606146e-12,4.66056360678048e-12
1.79512296956382e-12,4.66834646909094e-12
1.79558643628791e-12,4.67604843644273e-12
1.7960362802734e-12,4.68366832913224e-12
1.79647231837859e-12,4.6912049611129e-12
1.7968943656976e-12,4.69865714023208e-12
1.79730223558029e-12,4.70602366847604e-12
1.79769573965365e-12,4.71330334222275e-12
1.79807468784441e-12,4.72049495250266e-12
1.79843888840302e-12,4.72759728526727e-12
1.79878814792907e-12,4.73460912166567e-12
1.79912227139795e-12,4.74152923832886e-12
1.799441062189e-12,4.74835640766192e-12
1.79974432211495e-12,4.75508939814389e-12
1.80003185145281e-12,4.76172697463548e-12
1.8003034489761e-12,4.76826789869439e-12
1.80055891198847e-12,4.77471092889827e-12
1.80079803635878e-12,4.78105482117538e-12
1.80102061655747e-12,4.78729832914255e-12
1.80122644569445e-12,4.79344020445077e-12
1.80141531555821e-12,4.79947919713809e-12
1.80158701665657e-12,4.80541405598981e-12
1.80174133825858e-12,4.81124352890594e-12
1.80187806843794e-12,4.81696636327567e-12
1.80199699411785e-12,4.82258130635907e-12
1.80209790111709e-12,4.82808710567544e-12
1.80218057419766e-12,4.83348250939882e-12
1.80224479711359e-12,4.83876626675988e-12
1.80229035266136e-12,4.84393712845475e-12
1.80231702273147e-12,4.84899384706002e-12
1.80232458836143e-12,4.85393517745434e-12
1.80231282979017e-12,4.85875987724611e-12
1.80228152651363e-12,4.86346670720723e-12
1.80223045734182e-12,4.86805443171303e-12
1.80215940045707e-12,4.87252181918762e-12
1.80206813347365e-12,4.87686764255528e-12
1.80195643349862e-12,4.88109067969704e-12
1.801824077194e-12,4.8851897139128e-12
1.80167084084015e-12,4.88916353438843e-12
1.80149650040039e-12,4.89301093666807e-12
1.80130083158681e-12,4.89673072313101e-12
1.80108360992737e-12,4.9003217034734e-12
1.80084461083406e-12,4.9037826951943e-12
1.80058360967232e-12,4.90711252408593e-12
1.80030038183151e-12,4.91031002472822e-12
1.79999470279657e-12,4.91337404098686e-12
1.79966634822072e-12,4.91630342651535e-12
1.79931509399926e-12,4.91909704526016e-12
1.79894071634442e-12,4.92175377196951e-12
1.79854299186115e-12,4.92427249270466e-12
1.79812169762407e-12,4.92665210535453e-12
1.79767661125517e-12,4.92889152015242e-12
1.79720751100266e-12,4.93098966019535e-12
1.79671417582056e-12,4.93294546196537e-12
1.79619638544925e-12,4.93475787585267e-12
1.79565392049692e-12,4.93642586668057e-12
1.79508656252167e-12,4.93794841423142e-12
1.7944940941146e-12,4.93932451377419e-12
1.79387629898353e-12,4.94055317659233e-12
1.79323296203742e-12,4.94163343051277e-12
1.79256386947159e-12,4.94256432043486e-12
1.79186880885349e-12,4.94334490885967e-12
1.79114756920914e-12,4.94397427641897e-12
1.79039994111009e-12,4.94445152240379e-12
1.78962571676102e-12,4.94477576529233e-12
1.78882469008773e-12,4.94494614327678e-12
1.7879966568257e-12,4.94496181478896e-12
1.78714141460901e-12,4.94482195902436e-12
1.78625876305965e-12,4.94452577646438e-12
1.78534850387721e-12,4.94407248939647e-12
1.7844104409289e-12,4.94346134243194e-12
1.78344438033972e-12,4.94269160302091e-12
1.78245013058299e-12,4.94176256196453e-12
1.78142750257099e-12,4.94067353392382e-12
1.78037630974571e-12,4.93942385792501e-12
1.77929636816982e-12,4.938012897861e-12
1.77818749661749e-12,4.9364400429888e-12
1.77704951666544e-12,4.93470470842251e-12
1.77588225278378e-12,4.9328063356215e-12
1.77468553242682e-12,4.93074439287381e-12
1.77345918612381e-12,4.92851837577403e-12
1.77220304756942e-12,4.9261278076958e-12
1.77091695371405e-12,4.92357224025822e-12
1.76960074485383e-12,4.92085125378633e-12
1.76825426472036e-12,4.91796445776489e-12
1.76687736057006e-12,4.91491149128562e-12
1.76546988327309e-12,4.91169202348727e-12
1.76403168740186e-12,4.90830575398831e-12
1.76256263131898e-12,4.90475241331219e-12
1.76106257726472e-12,4.90103176330451e-12
1.75953139144384e-12,4.89714359754205e-12
1.75796894411174e-12,4.89308774173329e-12
1.75637510965998e-12,4.88886405411031e-12
1.75474976670102e-12,4.88447242581141e-12
1.75309279815213e-12,4.87991278125463e-12
1.75140409131857e-12,4.87518507850153e-12
1.74968353797573e-12,4.87028930961109e-12
1.7479310344505e-12,4.86522550098362e-12
1.7461464817015e-12,4.85999371369414e-12
1.74432978539838e-12,4.85459404381505e-12
1.74248085600001e-12,4.84902662272798e-12
1.74059960883153e-12,4.84329161742436e-12
1.73868596416024e-12,4.83738923079459e-12
1.73673984727025e-12,4.83131970190547e-12
1.73476118853591e-12,4.82508330626577e-12
1.73274992349384e-12,4.81868035607949e-12
1.73070599291367e-12,4.8121112004868e-12
1.72862934286738e-12,4.80537622579231e-12
1.72651992479708e-12,4.7984758556804e-12
1.72437769558146e-12,4.79141055141748e-12
1.72220261760052e-12,4.78418081204091e-12
1.71999465879885e-12,4.77678717453447e-12
1.7177537927472e-12,4.76923021398992e-12
1.71547999870244e-12,4.76151054375471e-12
1.71317326166572e-12,4.75362881556554e-12
1.71083357243893e-12,4.74558571966756e-12
1.70846092767936e-12,4.73738198491912e-12
1.7060553299525e-12,4.72901837888162e-12
1.70361678778298e-12,4.72049570789478e-12
1.70114531570352e-12,4.71181481713659e-12
1.69864093430203e-12,4.70297659066823e-12
1.69610367026665e-12,4.69398195146363e-12
1.69353355642872e-12,4.68483186142345e-12
1.69093063180378e-12,4.67552732137347e-12
1.68829494163034e-12,4.66606937104722e-12
1.68562653740664e-12,4.65645908905278e-12
1.6829254769251e-12,4.64669759282335e-12
1.68019182430467e-12,4.63678603855201e-12
1.67742565002089e-12,4.62672562111002e-12
1.67462703093367e-12,4.61651757394891e-12
1.67179605031279e-12,4.60616316898619e-12
1.66893279786108e-12,4.59566371647452e-12
1.66603736973519e-12,4.58502056485438e-12
1.66310986856402e-12,4.57423510059001e-12
1.66015040346474e-12,4.563308747989e-12
1.65715909005631e-12,4.55224296900476e-12
1.65413605047066e-12,4.54103926302262e-12
1.65108141336121e-12,4.52969916662884e-12
1.64799531390906e-12,4.5182242533631e-12
1.64487789382656e-12,4.50661613345398e-12
1.64172930135835e-12,4.49487645353787e-12
1.63854969127981e-12,4.4830068963608e-12
1.63533922489301e-12,4.47100918046369e-12
1.63209807001998e-12,4.45888505985082e-12
1.6288264009934e-12,4.44663632364149e-12
1.62552439864469e-12,4.43426479570517e-12
1.62219225028946e-12,4.42177233427987e-12
1.61883014971022e-12,4.40916083157391e-12
1.61543829713664e-12,4.39643221335147e-12
1.6120168992229e-12,4.38358843850143e-12
1.60856616902258e-12,4.37063149858993e-12
1.60508632596078e-12,4.35756341739704e-12
1.60157759580354e-12,4.34438625043681e-12
1.59804021062463e-12,4.33110208446157e-12
1.59447440876966e-12,4.31771303695049e-12
1.59088043481753e-12,4.30422125558222e-12
1.58725853953906e-12,4.29062891769181e-12
1.58360897985317e-12,4.2769382297126e-12
1.5799320187802e-12,4.26315142660234e-12
1.57622792539269e-12,4.24927077125465e-12
1.57249697476343e-12,4.23529855389523e-12
1.56873944791085e-12,4.22123709146343e-12
1.56495563174191e-12,4.20708872697946e-12
1.56114581899219e-12,4.19285582889701e-12
1.55731030816343e-12,4.17854079044177e-12
1.55344940345859e-12,4.16414602893644e-12
1.54956341471413e-12,4.1496739851116e-12
1.54565265732987e-12,4.13512712240337e-12
1.54171745219627e-12,4.12050792623812e-12
1.5377581256192e-12,4.10581890330397e-12
