1.68720358263232e-12,1.59746112649897e-12
1.68518041409629e-12,1.59023200198863e-12
1.68307456287574e-12,1.58294575996113e-12
1.68088687539057e-12,1.57560492291259e-12
1.67861822330217e-12,1.56821202196913e-12
1.67626950285095e-12,1.56076959543173e-12
1.67384163417977e-12,1.55328018732467e-12
1.67133556064414e-12,1.54574634594897e-12
1.6687522481097e-12,1.53817062244199e-12
1.66609268423783e-12,1.53055556934461e-12
1.66335787776008e-12,1.522903739177e-12
1.66054885774201e-12,1.51521768302446e-12
1.65766667283743e-12,1.50749994913439e-12
1.65471239053343e-12,1.49975308152561e-12
1.65168709638733e-12,1.49197961861131e-12
1.64859189325595e-12,1.48418209183662e-12
1.64542790051815e-12,1.47636302433206e-12
1.64219625329135e-12,1.46852492958402e-12
1.63889810164276e-12,1.46067031012314e-12
1.63553460979611e-12,1.45280165623196e-12
1.63210695533455e-12,1.4449214446726e-12
1.62861632840061e-12,1.43703213743568e-12
1.62506393089387e-12,1.42913618051131e-12
1.62145097566713e-12,1.42123600268326e-12
1.6177786857218e-12,1.41333401434703e-12
1.61404829340327e-12,1.40543260635291e-12
1.61026103959707e-12,1.39753414887476e-12
1.60641817292638e-12,1.38964099030538e-12
1.60252094895177e-12,1.38175545617925e-12
1.59857062937387e-12,1.37387984812336e-12
1.59456848123955e-12,1.36601644283697e-12
1.59051577615255e-12,1.35816749110081e-12
1.58641378948893e-12,1.35033521681649e-12
1.58226379961843e-12,1.34252181607673e-12
1.57806708713193e-12,1.33472945626686e-12
1.57382493407613e-12,1.32696027519832e-12
1.56953862319578e-12,1.31921638027445e-12
1.56520943718419e-12,1.31149984768919e-12
1.56083865794276e-12,1.30381272165904e-12
1.55642756584985e-12,1.29615701368857e-12
1.55197743903992e-12,1.28853470187005e-12
1.54748955269324e-12,1.28094773021724e-12
1.54296517833685e-12,1.27339800803381e-12
1.53840558315733e-12,1.26588740931641e-12
1.53381202932587e-12,1.25841777219279e-12
1.52918577333603e-12,1.25099089839494e-12
1.52452806535497e-12,1.24360855276739e-12
1.51984014858829e-12,1.23627246281079e-12
1.51512325865914e-12,1.22898431826078e-12
1.51037862300196e-12,1.22174577070198e-12
1.50560746027125e-12,1.21455843321733e-12
1.5008109797658e-12,1.20742388007241e-12
1.49599038086874e-12,1.20034364643478e-12
1.49114685250366e-12,1.1933192281281e-12
1.48628157260732e-12,1.18635208142083e-12
1.48139570761908e-12,1.1794436228493e-12
1.47649041198742e-12,1.17259522907486e-12
1.47156682769379e-12,1.16580823677474e-12
1.46662608379404e-12,1.15908394256635e-12
1.46166929597766e-12,1.15242360296466e-12
1.45669756614498e-12,1.14582843437206e-12
1.45171198200257e-12,1.13929961310056e-12
1.44671361667693e-12,1.13283827542555e-12
1.44170352834666e-12,1.12644551767082e-12
1.43668275989317e-12,1.12012239632416e-12
1.43165233857004e-12,1.11386992818313e-12
1.42661327569113e-12,1.10768909053026e-12
1.42156656633736e-12,1.10158082133707e-12
1.41651318908237e-12,1.09554601949645e-12
1.41145410573686e-12,1.08958554508243e-12
1.4063902611118e-12,1.08370021963696e-12
1.40132258280022e-12,1.07789082648266e-12
1.39625198097777e-12,1.07215811106114e-12
1.39117934822175e-12,1.06650278129582e-12
1.3861055593487e-12,1.06092550797873e-12
1.38103147127026e-12,1.0554269251803e-12
1.37595792286721e-12,1.05000763068141e-12
1.37088573488165e-12,1.04466818642697e-12
1.36581570982688e-12,1.0394091189999e-12
1.36074863191507e-12,1.03423092011506e-12
1.3556852670023e-12,1.02913404713186e-12
1.35062636255076e-12,1.024118923585e-12
1.34557264760798e-12,1.01918593973221e-12
1.34052483280268e-12,1.01433545311824e-12
1.33548361035701e-12,1.00956778915416e-12
1.33044965411492e-12,1.00488324171104e-12
1.32542361958625e-12,1.00028207372715e-12
1.32040614400628e-12,9.95764517827658e-13
1.31539784641042e-12,9.91330776956043e-13
1.31039932772356e-12,9.86981025016237e-13
1.30541117086386e-12,9.82715407524565e-13
1.30043394086052e-12,9.78534042270574e-13
1.29546818498505e-12,9.74437019985891e-13
1.29051443289588e-12,9.70424405020124e-13
1.28557319679558e-12,9.66496236022948e-13
1.28064497160059e-12,9.62652526631476e-13
1.2757302351227e-12,9.5889326616201e-13
1.27082944826211e-12,9.55218420305284e-13
1.2659430552115e-12,9.51627931824376e-13
1.26107148367061e-12,9.48121721254349e-13
1.25621514507096e-12,9.44699687602832e-13
1.25137443481019e-12,9.41361709050699e-13
1.24654973249558e-12,9.3810764365197e-13
1.24174140219624e-12,9.34937330032207e-13
1.23694979270345e-12,9.31850588084529e-13
1.23217523779881e-12,9.28847219662529e-13
1.22741805652953e-12,9.25927009269292e-13
1.22267855349055e-12,9.23089724741829e-13
1.21795701911281e-12,9.20335117930095e-13
1.21325372995736e-12,9.17662925370028e-13
1.20856894901475e-12,9.15072868949822e-13
1.20390292600915e-12,9.12564656568793e-13
1.19925589770683e-12,9.10137982788223e-13
1.19462808822844e-12,9.07792529473552e-13
1.19001970936462e-12,9.05527966427304e-13
1.18543096089452e-12,9.03343952012196e-13
1.18086203090663e-12,9.01240133763865e-13
1.17631309612165e-12,8.99216148992707e-13
1.17178432221672e-12,8.97271625374307e-13
1.16727586415075e-12,8.95406181527998e-13
1.16278786649022e-12,8.93619427583097e-13
1.15832046373521e-12,8.91910965732387e-13
1.153873780645e-12,8.90280390772453e-13
1.14944793256304e-12,8.88727290630506e-13
1.14504302574069e-12,8.87251246877329e-13
1.1406591576594e-12,8.85851835226039e-13
1.13629641735102e-12,8.84528626016378e-13
1.13195488571561e-12,8.83281184684253e-13
1.12763463583666e-12,8.8210907221628e-13
1.12333573329315e-12,8.81011845589141e-13
1.11905823646816e-12,8.79989058193532e-13
1.11480219685372e-12,8.79040260242593e-13
1.11056765935152e-12,8.78164999164608e-13
1.10635466256914e-12,8.77362819979942e-13
1.10216323911161e-12,8.76633265662086e-13
1.09799341586787e-12,8.75975877482764e-13
1.09384521429191e-12,8.75390195341061e-13
1.08971865067832e-12,8.74875758076571e-13
1.08561373643202e-12,8.74432103766597e-13
1.08153047833188e-12,8.7405877000739e-13
1.07746887878803e-12,8.73755294179547e-13
1.07342893609266e-12,8.73521213697638e-13
1.06941064466409e-12,8.73356066244129e-13
1.06541399528396e-12,8.73259389987811e-13
1.06143897532727e-12,8.73230723786786e-13
1.05748556898535e-12,8.73269607376317e-13
1.05355375748125e-12,8.73375581541545e-13
1.04964351927788e-12,8.73548188275526e-13
1.04575483027831e-12,8.7378697092258e-13
1.04188766401855e-12,8.74091474307379e-13
1.0380419918525e-12,8.74461244849948e-13
1.03421778312897e-12,8.74895830666905e-13
1.03041500536096e-12,8.75394781659212e-13
1.02663362438683e-12,8.75957649586766e-13
1.02287360452365e-12,8.76583988130197e-13
1.01913490871246e-12,8.77273352940124e-13
1.01541749865566e-12,8.78025301674341e-13
1.01172133494635e-12,8.78839394023196e-13
1.00804637718983e-12,8.79715191723656e-13
1.00439258411713e-12,8.80652258562321e-13
1.00075991369079e-12,8.81650160367899e-13
9.9714832320283e-13,8.82708464993506e-13
9.9355776936503e-13,8.83826742289195e-13
9.89988208391673e-13,8.85004564065157e-13
9.86439596074765e-13,8.86241504046074e-13
9.8291188785186e-13,8.87537137816935e-13
9.79405038866706e-13,8.88891042760895e-13
9.75919004022707e-13,8.90302797989547e-13
9.72453738029485e-13,8.91771984266089e-13
9.69009195442582e-13,8.93298183921775e-13
9.65585330696562e-13,8.94880980766212e-13
9.62182098131619e-13,8.9651995999185e-13
9.58799452013903e-13,8.98214708073184e-13
9.55437346549771e-13,8.99964812661091e-13
9.5209573589412e-13,9.0176986247275e-13
9.48774574153049e-13,9.03629447177636e-13
9.45473815381032e-13,9.05543157279956e-13
9.42193413572843e-13,9.07510583998034e-13
9.38933322650447e-13,9.09531319141059e-13
9.35693496445087e-13,9.11604954983613e-13
9.32473888674802e-13,9.13731084138415e-13
9.29274452917648e-13,9.15909299427714e-13
9.26095142580759e-13,9.18139193753666e-13
9.22935910865686e-13,9.20420359968252e-13
9.19796710730048e-13,9.2275239074294e-13
9.16677494845893e-13,9.25134878438604e-13
9.13578215554983e-13,9.27567414976024e-13
9.10498824821252e-13,9.30049591707364e-13
9.07439274180679e-13,9.32580999288938e-13
9.04399514688883e-13,9.35161227555622e-13
9.01379496866619e-13,9.3778986539725e-13
8.98379170643546e-13,9.40466500637318e-13
8.95398485300395e-13,9.43190719914285e-13
8.92437389409885e-13,9.45962108565739e-13
8.89495830776589e-13,9.48780250515771e-13
8.8657375637606e-13,9.51644728165773e-13
8.8367111229335e-13,9.54555122288907e-13
8.80787843661324e-13,9.57511011928527e-13
8.77923894598888e-13,9.60511974300734e-13
8.75079208149387e-13,9.63557584701279e-13
8.72253726219489e-13,9.66647416417048e-13
8.69447389518643e-13,9.69781040642214e-13
8.66660137499495e-13,9.72958026399373e-13
8.63891908299329e-13,9.76177940465641e-13
8.61142638682873e-13,9.79440347303977e-13
8.58412263986552e-13,9.82744808999786e-13
8.55700718064512e-13,9.8609088520293e-13
8.53007933236518e-13,9.89478133075229e-13
8.50333840237929e-13,9.92906107243518e-13
8.47678368171973e-13,9.9637435975837e-13
8.45041444464436e-13,9.99882440058439e-13
8.4242299482094e-13,1.00342989494055e-12
8.39822943187014e-13,1.00701626853552e-12
8.37241211711007e-13,1.01064110228961e-12
8.34677720710092e-13,1.01430393495186e-12
8.32132388639403e-13,1.01800430256694e-12
8.29605132064465e-13,1.02174173847379e-12
8.27095865637026e-13,1.02551577330978e-12
8.24604502074351e-13,1.02932593502044e-12
8.22130952142175e-13,1.03317174887469e-12
8.19675124641251e-13,1.03705273748539e-12
8.17236926397677e-13,1.04096842083519e-12
8.1481626225705e-13,1.04491831630759e-12
8.12413035082441e-13,1.04890193872301e-12
8.10027145756309e-13,1.05291880037979e-12
8.07658493186343e-13,1.05696841110002e-12
8.05306974315269e-13,1.0610502782799e-12
8.02972484134647e-13,1.06516390694467e-12
8.00654915702655e-13,1.06930879980782e-12
7.98354160165861e-13,1.07348445733442e-12
7.96070106784951e-13,1.07769037780842e-12
7.93802642964436e-13,1.08192605740368e-12
7.91551654286261e-13,1.08619099025862e-12
7.89317024547293e-13,1.09048466855421e-12
7.87098635800656e-13,1.09480658259512e-12
7.8489636840082e-13,1.09915622089382e-12
7.82710101052404e-13,1.10353307025743e-12
7.80539710862617e-13,1.10793661587709e-12
7.7838507339725e-13,1.11236634141964e-12
7.76246062740117e-13,1.11682172912131e-12
7.74122551555864e-13,1.12130225988337e-12
7.72014411156016e-13,1.12580741336924e-12
7.6992151156821e-13,1.13033666810323e-12
7.67843721608392e-13,1.13488950157015e-12
7.6578090895595e-13,1.13946539031613e-12
7.63732940231594e-13,1.14406381004996e-12
7.61699681077867e-13,1.148684235745e-12
7.5968099624213e-13,1.15332614174136e-12
7.5767674966186e-13,1.15798900184801e-12
7.55686804552155e-13,1.16267228944483e-12
7.5371102349523e-13,1.16737547758416e-12
7.51749268531765e-13,1.1720980390918e-12
7.49801401253935e-13,1.17683944666713e-12
7.47867282899961e-13,1.18159917298226e-12
7.45946774449969e-13,1.18637669077984e-12
7.44039736723038e-13,1.19117147296954e-12
7.42146030475198e-13,1.19598299272291e-12
7.40265516498224e-13,1.20081072356633e-12
7.38398055719068e-13,1.20565413947211e-12
7.3654350929967e-13,1.21051271494737e-12
7.3470173873702e-13,1.21538592512055e-12
7.3287260596329e-13,1.2202732458256e-12
7.31055973445794e-13,1.22517415368336e-12
7.29251704286636e-13,1.2300881261803e-12
7.27459662321856e-13,1.23501464174432e-12
7.25679712219831e-13,1.2399531798175e-12
7.23911719578859e-13,1.24490322092572e-12
7.22155551023593e-13,1.24986424674499e-12
7.20411074300287e-13,1.2548357401645e-12
7.18678158370595e-13,1.25981718534609e-12
7.16956673503745e-13,1.26480806778028e-12
7.15246491366967e-13,1.26980787433869e-12
7.13547485113931e-13,1.27481609332264e-12
7.11859529471116e-13,1.27983221450816e-12
7.10182500821868e-13,1.28485572918715e-12
7.08516277288057e-13,1.2898861302047e-12
7.06860738809114e-13,1.29492291199251e-12
7.05215767218339e-13,1.29996557059847e-12
7.0358124631638e-13,1.30501360371231e-12
7.01957061941643e-13,1.31006651068736e-12
7.00343102037589e-13,1.31512379255832e-12
6.98739256716761e-13,1.32018495205522e-12
6.97145418321413e-13,1.32524949361341e-12
6.95561481480665e-13,1.33031692337973e-12
6.93987343164046e-13,1.33538674921482e-12
6.92422902731335e-13,1.34045848069171e-12
6.9086806197861e-13,1.34553162909048e-12
6.89322725180455e-13,1.35060570738949e-12
6.87786799128183e-13,1.35568023025273e-12
6.86260193164063e-13,1.36075471401375e-12
6.84742819211472e-13,1.36582867665602e-12
6.83234591800934e-13,1.37090163778994e-12
6.81735428091964e-13,1.37597311862643e-12
6.80245247890733e-13,1.38104264194731e-12
6.7876397366349e-13,1.38610973207258e-12
6.77291530545744e-13,1.39117391482455e-12
6.75827846347161e-13,1.39623471748905e-12
6.74372851552241e-13,1.40129166877381e-12
6.72926479316706e-13,1.40634429876411e-12
6.71488665459666e-13,1.41139213887569e-12
