1.52255241825336e-12,2.59754035279476e-12
1.52337496154605e-12,2.60703158057092e-12
1.52420018415981e-12,2.6165383959629e-12
1.52502808604429e-12,2.62606061909411e-12
1.52585866696739e-12,2.63559806792941e-12
1.52669192651575e-12,2.64515055827646e-12
1.52752786409543e-12,2.65471790378699e-12
1.5283664789325e-12,2.66429991595791e-12
1.52920777007383e-12,2.67389640413205e-12
1.53005173638784e-12,2.68350717549881e-12
1.53089837656529e-12,2.69313203509445e-12
1.5317476891202e-12,2.70277078580212e-12
1.53259967239073e-12,2.71242322835149e-12
1.53345432454017e-12,2.72208916131818e-12
1.53431164355792e-12,2.73176838112265e-12
1.5351716272605e-12,2.74146068202875e-12
1.53603427329264e-12,2.75116585614187e-12
1.53689957912839e-12,2.76088369340663e-12
1.53776754207221e-12,2.77061398160403e-12
1.53863815926012e-12,2.78035650634814e-12
1.53951142766088e-12,2.79011105108226e-12
1.54038734407716e-12,2.7998773970745e-12
1.54126590514673e-12,2.80965532341279e-12
1.54214710734366e-12,2.8194446069993e-12
1.54303094697954e-12,2.82924502254418e-12
1.54391742020465e-12,2.83905634255866e-12
1.54480652300923e-12,2.84887833734754e-12
1.54569825122462e-12,2.85871077500084e-12
1.54659260052444e-12,2.86855342138483e-12
1.54748956642583e-12,2.87840604013231e-12
1.54838914429052e-12,2.88826839263199e-12
1.54929132932602e-12,2.8981402380173e-12
1.55019611658669e-12,2.90802133315412e-12
1.55110350097479e-12,2.91791143262789e-12
1.55201347724158e-12,2.92781028872975e-12
1.55292603998823e-12,2.93771765144183e-12
1.55384118366683e-12,2.94763326842169e-12
1.55475890258123e-12,2.95755688498569e-12
1.55567919088792e-12,2.96748824409168e-12
1.55660204259679e-12,2.9774270863205e-12
1.55752745157185e-12,2.98737314985668e-12
1.55845541153191e-12,2.99732617046807e-12
1.55938591605109e-12,3.00728588148452e-12
1.56031895855938e-12,3.01725201377552e-12
1.56125453234301e-12,3.02722429572686e-12
1.5621926305448e-12,3.03720245321624e-12
1.56313324616442e-12,3.04718620958782e-12
1.56407637205844e-12,3.05717528562574e-12
1.56502200094049e-12,3.06716939952657e-12
1.56597012538109e-12,3.07716826687073e-12
1.56692073780751e-12,3.08717160059271e-12
1.5678738305035e-12,3.09717911095041e-12
1.56882939560882e-12,3.10719050549322e-12
1.56978742511875e-12,3.11720548902906e-12
1.57074791088339e-12,3.12722376359037e-12
1.57171084460688e-12,3.13724502839901e-12
1.57267621784644e-12,3.14726897982997e-12
1.57364402201132e-12,3.15729531137411e-12
1.57461424836153e-12,3.16732371359975e-12
1.57558688800649e-12,3.17735387411318e-12
1.57656193190349e-12,3.18738547751808e-12
1.57753937085599e-12,3.19741820537394e-12
1.57851919551176e-12,3.20745173615329e-12
1.57950139636086e-12,3.217485745198e-12
1.58048596373346e-12,3.22751990467445e-12
1.58147288779741e-12,3.2375538835277e-12
1.58246215855578e-12,3.24758734743467e-12
1.58345376584404e-12,3.25761995875622e-12
1.58444769932718e-12,3.26765137648837e-12
1.58544394849661e-12,3.27768125621243e-12
1.58644250266684e-12,3.28770925004428e-12
1.58744335097195e-12,3.29773500658259e-12
1.58844648236195e-12,3.30775817085628e-12
1.58945188559888e-12,3.31777838427104e-12
1.59045954925261e-12,3.32779528455484e-12
1.59146946169662e-12,3.33780850570287e-12
1.59248161110347e-12,3.3478176779215e-12
1.59349598544e-12,3.35782242757146e-12
1.59451257246242e-12,3.36782237711033e-12
1.59553135971112e-12,3.37781714503434e-12
1.59655233450528e-12,3.38780634581934e-12
1.5975754839373e-12,3.39778958986136e-12
1.59860079486687e-12,3.40776648341633e-12
1.59962825391499e-12,3.41773662853938e-12
1.60065784745766e-12,3.42769962302354e-12
1.60168956161933e-12,3.43765506033797e-12
1.60272338226621e-12,3.44760252956574e-12
1.60375929499925e-12,3.45754161534124e-12
1.60479728514696e-12,3.46747189778719e-12
1.60583733775797e-12,3.4773929524513e-12
1.60687943759336e-12,3.48730435024281e-12
1.60792356911876e-12,3.4972056573687e-12
1.60896971649625e-12,3.50709643526975e-12
1.61001786357596e-12,3.51697624055656e-12
1.61106799388752e-12,3.52684462494545e-12
1.61212009063119e-12,3.53670113519439e-12
1.61317413666888e-12,3.54654531303901e-12
1.61423011451483e-12,3.55637669512872e-12
1.61528800632611e-12,3.56619481296291e-12
1.61634779389292e-12,3.57599919282763e-12
1.61740945862861e-12,3.58578935573229e-12
1.61847298155953e-12,3.59556481734691e-12
1.61953834331464e-12,3.60532508793975e-12
1.6206055241149e-12,3.61506967231542e-12
1.62167450376243e-12,3.62479806975355e-12
1.62274526162951e-12,3.63450977394813e-12
1.62381777664733e-12,3.64420427294746e-12
1.62489202729454e-12,3.65388104909504e-12
1.62596799158559e-12,3.66353957897108e-12
1.62704564705891e-12,3.67317933333513e-12
1.62812497076487e-12,3.68279977706949e-12
1.62920593925353e-12,3.69240036912392e-12
1.63028852856224e-12,3.70198056246124e-12
1.63137271420305e-12,3.71153980400432e-12
1.63245847114992e-12,3.72107753458427e-12
1.63354577382581e-12,3.73059318889e-12
1.63463459608953e-12,3.74008619541928e-12
1.63572491122252e-12,3.74955597643121e-12
1.63681669191538e-12,3.75900194790041e-12
1.63790991025432e-12,3.76842351947278e-12
1.63900453770749e-12,3.77782009442313e-12
1.64010054511103e-12,3.78719106961453e-12
1.64119790265518e-12,3.79653583545967e-12
1.64229657987017e-12,3.80585377588417e-12
1.64339654561193e-12,3.81514426829203e-12
1.64449776804787e-12,3.82440668353314e-12
1.64560021464236e-12,3.83364038587317e-12
1.64670385214228e-12,3.84284473296566e-12
1.64780864656237e-12,3.85201907582662e-12
1.64891456317059e-12,3.86116275881156e-12
1.65002156647332e-12,3.87027511959514e-12
1.6511296202006e-12,3.87935548915343e-12
1.65223868729123e-12,3.88840319174892e-12
1.6533487298779e-12,3.89741754491841e-12
1.65445970927221e-12,3.90639785946371e-12
1.65557158594976e-12,3.91534343944537e-12
1.6566843195351e-12,3.92425358217947e-12
1.65779786878685e-12,3.93312757823758e-12
1.65891219158261e-12,3.94196471144988e-12
1.66002724490409e-12,3.9507642589116e-12
1.66114298482211e-12,3.95952549099289e-12
1.66225936648171e-12,3.96824767135209e-12
1.66337634408733e-12,3.97693005695256e-12
1.66449387088797e-12,3.98557189808312e-12
1.66561189916242e-12,3.99417243838214e-12
1.6667303802047e-12,4.00273091486547e-12
1.66784926430941e-12,4.01124655795806e-12
1.66896850075728e-12,4.01971859152969e-12
1.67008803780084e-12,4.02814623293445e-12
1.67120782265013e-12,4.03652869305439e-12
1.67232780145867e-12,4.04486517634734e-12
1.67344791930943e-12,4.05315488089867e-12
1.67456812020109e-12,4.06139699847763e-12
1.67568834703438e-12,4.06959071459769e-12
1.67680854159862e-12,4.07773520858137e-12
1.67792864455855e-12,4.08582965362961e-12
1.67904859544114e-12,4.09387321689539e-12
1.68016833262287e-12,4.10186505956207e-12
1.6812877933171e-12,4.10980433692636e-12
1.68240691356168e-12,4.11769019848573e-12
1.68352562820689e-12,4.12552178803075e-12
1.68464387090354e-12,4.13329824374203e-12
1.68576157409146e-12,4.14101869829207e-12
1.68687866898822e-12,4.14868227895189e-12
1.68799508557814e-12,4.15628810770248e-12
1.68911075260166e-12,4.1638353013514e-12
1.69022559754499e-12,4.17132297165403e-12
1.69133954663019e-12,4.17875022544017e-12
1.69245252480545e-12,4.18611616474528e-12
1.6935644557359e-12,4.1934198869472e-12
1.6946752617947e-12,4.20066048490762e-12
1.69578486405454e-12,4.20783704711882e-12
1.69689318227954e-12,4.21494865785563e-12
1.69800013491757e-12,4.22199439733227e-12
1.69910563909304e-12,4.22897334186472e-12
1.70020961060001e-12,4.235884564038e-12
1.7013119638959e-12,4.24272713287879e-12
1.70241261209552e-12,4.24950011403321e-12
1.70351146696572e-12,4.25620256994983e-12
1.70460843892036e-12,4.26283356006793e-12
1.70570343701593e-12,4.26939214101089e-12
1.70679636894761e-12,4.27587736678486e-12
1.70788714104581e-12,4.28228828898264e-12
1.70897565827333e-12,4.28862395699274e-12
1.71006182422299e-12,4.29488341821354e-12
1.71114554111584e-12,4.30106571827275e-12
1.71222670979996e-12,4.30716990125197e-12
1.71330522974977e-12,4.31319500991631e-12
1.714380999066e-12,4.31914008594914e-12
1.71545391447617e-12,4.32500417019192e-12
1.71652387133575e-12,4.33078630288905e-12
1.7175907636299e-12,4.33648552393776e-12
1.71865448397584e-12,4.34210087314277e-12
1.71971492362582e-12,4.34763139047609e-12
1.7207719724708e-12,4.35307611634159e-12
1.72182551904472e-12,4.35843409184425e-12
1.72287545052944e-12,4.36370435906442e-12
1.72392165276037e-12,4.36888596133649e-12
1.72496401023276e-12,4.37397794353245e-12
1.72600240610867e-12,4.37897935234983e-12
1.72703672222463e-12,4.38388923660423e-12
1.7280668391e-12,4.38870664752622e-12
1.72909263594606e-12,4.39343063906271e-12
1.73011399067573e-12,4.39806026818234e-12
1.73113077991409e-12,4.40259459518537e-12
1.73214287900962e-12,4.40703268401743e-12
1.73315016204609e-12,4.41137360258734e-12
1.73415250185527e-12,4.4156164230889e-12
1.73514977003031e-12,4.41976022232644e-12
1.73614183693992e-12,4.42380408204405e-12
1.73712857174325e-12,4.42774708925851e-12
1.73810984240556e-12,4.43158833659564e-12
1.7390855157146e-12,4.43532692263007e-12
1.74005545729778e-12,4.43896195222829e-12
1.74101953164009e-12,4.44249253689478e-12
1.74197760210276e-12,4.4459177951213e-12
1.74292953094275e-12,4.44923685273896e-12
1.74387517933289e-12,4.45244884327308e-12
1.74481440738292e-12,4.45555290830085e-12
1.74574707416117e-12,4.45854819781119e-12
1.7466730377171e-12,4.46143387056731e-12
1.74759215510458e-12,4.46420909447123e-12
1.74850428240589e-12,4.46687304693059e-12
1.74940927475655e-12,4.46942491522719e-12
1.75030698637089e-12,4.47186389688751e-12
1.75119727056831e-12,4.47418920005461e-12
1.7520799798005e-12,4.47640004386183e-12
1.75295496567915e-12,4.47849565880747e-12
1.75382207900456e-12,4.48047528713075e-12
1.75468116979508e-12,4.48233818318887e-12
1.75553208731708e-12,4.48408361383463e-12
1.75637468011587e-12,4.48571085879493e-12
1.75720879604718e-12,4.48721921104954e-12
1.7580342823095e-12,4.48860797721028e-12
1.75885098547711e-12,4.48987647790028e-12
1.75965875153378e-12,4.49102404813319e-12
1.76045742590721e-12,4.49205003769204e-12
1.76124685350421e-12,4.49295381150783e-12
1.76202687874652e-12,4.49373475003735e-12
1.76279734560735e-12,4.49439224964023e-12
1.76355809764855e-12,4.49492572295502e-12
1.76430897805854e-12,4.49533459927404e-12
1.76504982969083e-12,4.49561832491685e-12
1.76578049510317e-12,4.4957763636021e-12
1.76650081659741e-12,4.49580819681764e-12
1.76721063625995e-12,4.49571332418865e-12
1.76790979600279e-12,4.49549126384354e-12
1.76859813760521e-12,4.49514155277744e-12
1.76927550275603e-12,4.49466374721327e-12
1.76994173309645e-12,4.49405742295977e-12
1.7705966702635e-12,4.49332217576676e-12
1.77124015593393e-12,4.49245762167705e-12
1.77187203186876e-12,4.49146339737498e-12
1.77249213995826e-12,4.49033916053143e-12
1.77310032226755e-12,4.48908459014486e-12
1.77369642108256e-12,4.48769938687856e-12
1.77428027895654e-12,4.48618327339326e-12
1.77485173875703e-12,4.48453599467583e-12
1.7754106437133e-12,4.48275731836292e-12
1.77595683746411e-12,4.48084703505985e-12
1.77649016410603e-12,4.4788049586546e-12
1.77701046824199e-12,4.47663092662627e-12
1.77751759503036e-12,4.47432480034836e-12
1.77801139023431e-12,4.47188646538614e-12
1.77849170027143e-12,4.46931583178816e-12
1.77895837226384e-12,4.46661283437188e-12
1.77941125408844e-12,4.46377743300278e-12
1.77985019442752e-12,4.46080961286711e-12
1.78027504281961e-12,4.45770938473791e-12
1.78068564971055e-12,4.45447678523419e-12
1.78108186650478e-12,4.45111187707299e-12
1.78146354561685e-12,4.44761474931414e-12
1.78183054052306e-12,4.44398551759764e-12
1.78218270581326e-12,4.44022432437333e-12
1.78251989724283e-12,4.43633133912268e-12
1.78284197178466e-12,4.43230675857267e-12
1.78314878768132e-12,4.42815080690125e-12
1.78344020449723e-12,4.42386373593462e-12
1.78371608317087e-12,4.41944582533579e-12
1.78397628606704e-12,4.41489738278449e-12
1.78422067702901e-12,4.41021874414801e-12
1.78444912143078e-12,4.40541027364307e-12
1.78466148622918e-12,4.40047236398847e-12
1.78485764001587e-12,4.39540543654808e-12
1.78503745306934e-12,4.39020994146456e-12
1.78520079740663e-12,4.38488635778298e-12
1.78534754683505e-12,4.37943519356498e-12
1.78547757700359e-12,4.37385698599246e-12
1.78559076545417e-12,4.36815230146129e-12
1.78568699167268e-12,4.36232173566471e-12
1.78576613713971e-12,4.35636591366619e-12
1.78582808538108e-12,4.35028548996172e-12
1.78587272201793e-12,4.34408114853129e-12
1.78589993481661e-12,4.33775360287971e-12
1.78590961373813e-12,4.33130359606621e-12
1.78590165098725e-12,4.32473190072313e-12
1.78587594106117e-12,4.31803931906334e-12
1.78583238079772e-12,4.31122668287633e-12
1.78577086942323e-12,4.30429485351311e-12
1.7856913085997e-12,4.29724472185915e-12
