9.10445215350587e-13,9.55331038225122e-13
9.11564308012288e-13,9.59837381675254e-13
9.12684771917795e-13,9.6436144217283e-13
9.13806614131939e-13,9.6890326557599e-13
9.14929841745458e-13,9.73462897712744e-13
9.16054461875197e-13,9.7804038437973e-13
9.17180481664267e-13,9.82635771340947e-13
9.18307908282206e-13,9.87249104326509e-13
9.19436748925169e-13,9.91880429031377e-13
9.20567010816067e-13,9.96529791114101e-13
9.21698701204734e-13,1.00119723619554e-12
9.22831827368074e-13,1.00588280985759e-12
9.23966396610209e-13,1.0105865576419e-12
9.25102416262625e-13,1.01530852504862e-12
9.26239893684304e-13,1.02004875753504e-12
9.27378836261854e-13,1.02480730051438e-12
9.28519251409641e-13,1.02958419935444e-12
9.29661146569912e-13,1.03437949937631e-12
9.30804529212903e-13,1.03919324585309e-12
9.31949406836963e-13,1.04402548400856e-12
9.33095786968657e-13,1.04887625901586e-12
9.3424367716285e-13,1.05374561599621e-12
9.35393085002833e-13,1.05863360001755e-12
9.36544018100387e-13,1.06354025609325e-12
9.37696484095879e-13,1.06846562918078e-12
9.38850490658351e-13,1.07340976418037e-12
9.40006045485575e-13,1.07837270593371e-12
9.41163156304133e-13,1.08335449922256e-12
9.4232183086948e-13,1.0883551887675e-12
9.43482076965998e-13,1.09337481922648e-12
9.44643902407047e-13,1.0984134351936e-12
9.45807315035023e-13,1.10347108119767e-12
9.46972322721382e-13,1.10854780170093e-12
9.48138933366686e-13,1.11364364109765e-12
9.49307154900632e-13,1.11875864371283e-12
9.5047699528208e-13,1.12389285380081e-12
9.51648462499048e-13,1.12904631554392e-12
9.52821564568769e-13,1.13421907305116e-12
9.53996309537654e-13,1.13941117035679e-12
9.55172705481318e-13,1.14462265141899e-12
9.56350760504579e-13,1.14985356011855e-12
9.57530482741428e-13,1.15510394025739e-12
9.5871188035504e-13,1.16037383555732e-12
9.59894961537739e-13,1.1656632896586e-12
9.61079734510969e-13,1.17097234611859e-12
9.62266207525276e-13,1.17630104841036e-12
9.63454388860272e-13,1.18164943992139e-12
9.64644286824572e-13,1.18701756395209e-12
9.65835909755778e-13,1.19240546371452e-12
9.67029266020402e-13,1.19781318233096e-12
9.68224364013823e-13,1.20324076283255e-12
9.6942121216022e-13,1.20868824815791e-12
9.70619818912508e-13,1.21415568115179e-12
9.71820192752258e-13,1.21964310456361e-12
9.73022342189627e-13,1.22515056104617e-12
9.74226275763279e-13,1.23067809315423e-12
9.75432002040288e-13,1.23622574334308e-12
9.76639529616055e-13,1.24179355396723e-12
9.77848867114206e-13,1.24738156727898e-12
9.790600231865e-13,1.25298982542705e-12
9.80273006512707e-13,1.25861837045514e-12
9.81487825800524e-13,1.26426724430064e-12
9.82704489785434e-13,1.26993648879311e-12
9.83923007230611e-13,1.27562614565301e-12
9.8514338692678e-13,1.2813362564902e-12
9.86365637692096e-13,1.2870668628026e-12
9.87589768372025e-13,1.2928180059748e-12
9.88815787839196e-13,1.29858972727662e-12
9.90043704993267e-13,1.30438206786174e-12
9.91273528760785e-13,1.31019506876625e-12
9.92505268095049e-13,1.31602877090732e-12
9.93738931975939e-13,1.32188321508172e-12
9.94974529409791e-13,1.32775844196445e-12
9.96212069429231e-13,1.33365449210732e-12
9.97451561093008e-13,1.33957140593752e-12
9.98693013485846e-13,1.34550922375622e-12
9.99936435718287e-13,1.35146798573717e-12
1.00118183692649e-12,1.35744773192521e-12
1.00242922627212e-12,1.36344850223495e-12
1.00367861294212e-12,1.36947033644923e-12
1.00493000614856e-12,1.37551327421777e-12
1.00618341512848e-12,1.38157735505573e-12
1.00743884914368e-12,1.38766261834222e-12
1.00869631748055e-12,1.3937691033189e-12
1.00995582944992e-12,1.39989684908856e-12
1.01121739438682e-12,1.40604589461363e-12
1.01248102165036e-12,1.41221627871474e-12
1.01374672062347e-12,1.41840804006927e-12
1.01501450071278e-12,1.42462121720991e-12
1.0162843713484e-12,1.43085584852314e-12
1.01755634198374e-12,1.43711197224784e-12
1.0188304220953e-12,1.44338962647375e-12
1.02010662118251e-12,1.44968884914004e-12
1.02138494876753e-12,1.45600967803377e-12
1.02266541439504e-12,1.46235215078848e-12
1.02394802763205e-12,1.46871630488262e-12
1.02523279806774e-12,1.47510217763809e-12
1.02651973531325e-12,1.48150980621874e-12
1.02780884900146e-12,1.48793922762882e-12
1.02910014878685e-12,1.49439047871149e-12
1.03039364434528e-12,1.5008635961473e-12
1.03168934537379e-12,1.50735861645261e-12
1.03298726159043e-12,1.51387557597813e-12
1.03428740273408e-12,1.52041451090727e-12
1.03558977856424e-12,1.52697545725468e-12
1.03689439886084e-12,1.53355845086461e-12
1.03820127342409e-12,1.54016352740938e-12
1.03951041207425e-12,1.54679072238778e-12
1.04082182465151e-12,1.55344007112348e-12
1.04213552101573e-12,1.56011160876345e-12
1.04345151104633e-12,1.56680537027631e-12
1.0447698046421e-12,1.57352139045072e-12
1.04609041172099e-12,1.58025970389379e-12
1.04741334221997e-12,1.58702034502937e-12
1.04873860609487e-12,1.59380334809647e-12
1.05006621332019e-12,1.60060874714753e-12
1.05139617388894e-12,1.60743657604676e-12
1.05272849781249e-12,1.61428686846851e-12
1.0540631951204e-12,1.62115965789548e-12
1.05540027586028e-12,1.62805497761705e-12
1.05673975009763e-12,1.63497286072757e-12
1.05808162791566e-12,1.64191334012458e-12
1.05942591941523e-12,1.64887644850711e-12
1.0607726347146e-12,1.65586221837384e-12
1.06212178394938e-12,1.66287068202138e-12
1.06347337727235e-12,1.66990187154242e-12
1.06482742485334e-12,1.67695581882399e-12
1.06618393687909e-12,1.68403255554554e-12
1.06754292355318e-12,1.69113211317717e-12
1.06890439509583e-12,1.69825452297772e-12
1.07026836174386e-12,1.70539981599293e-12
1.07163483375053e-12,1.71256802305351e-12
1.07300382138546e-12,1.71975917477325e-12
1.07437533493452e-12,1.72697330154708e-12
1.07574938469974e-12,1.73421043354912e-12
1.0771259809992e-12,1.74147060073073e-12
1.07850513416697e-12,1.74875383281849e-12
1.079886854553e-12,1.75606015931222e-12
1.08127115252307e-12,1.76338960948293e-12
1.08265803845868e-12,1.77074221237083e-12
1.084047522757e-12,1.77811799678316e-12
1.08543961583084e-12,1.78551699129222e-12
1.08683432810853e-12,1.79293922423316e-12
1.0882316700339e-12,1.80038472370192e-12
1.08963165206624e-12,1.80785351755303e-12
1.09103428468021e-12,1.81534563339746e-12
1.09243957836588e-12,1.82286109860039e-12
1.09384754362861e-12,1.83039994027905e-12
1.09525819098909e-12,1.83796218530039e-12
1.09667153098326e-12,1.84554786027887e-12
1.09808757416234e-12,1.85315699157415e-12
1.09950633109277e-12,1.86078960528876e-12
1.10092781235626e-12,1.86844572726577e-12
1.10235202854971e-12,1.8761253830864e-12
1.10377899028528e-12,1.88382859806764e-12
1.10520870819036e-12,1.89155539725982e-12
1.10664119290759e-12,1.8993058054442e-12
1.10807645509486e-12,1.90707984713039e-12
1.10951450542536e-12,1.91487754655398e-12
1.11095535458758e-12,1.92269892767391e-12
1.11239901328535e-12,1.93054401416996e-12
1.11384549223787e-12,1.93841282944014e-12
1.11529480217974e-12,1.9463053965981e-12
1.11674695386105e-12,1.95422173847047e-12
1.11820195804732e-12,1.96216187759417e-12
1.1196598255197e-12,1.97012583621378e-12
1.12112056707488e-12,1.97811363627868e-12
1.12258419352525e-12,1.98612529944044e-12
1.12405071569892e-12,1.99416084704992e-12
1.12552014443978e-12,2.00222030015448e-12
1.1269924906076e-12,2.01030367949515e-12
1.12846776507807e-12,2.01841100550371e-12
1.12994597874292e-12,2.02654229829982e-12
1.13142714250994e-12,2.03469757768804e-12
1.13291126730312e-12,2.04287686315487e-12
1.1343983640627e-12,2.05108017386574e-12
1.13588844374527e-12,2.05930752866197e-12
1.13738151732385e-12,2.0675589460577e-12
1.13887759578801e-12,2.07583444423679e-12
1.14037669014394e-12,2.08413404104971e-12
1.14187881141453e-12,2.09245775401031e-12
1.14338397063951e-12,2.10080560029268e-12
1.14489217887553e-12,2.10917759672792e-12
1.14640344719625e-12,2.11757375980083e-12
1.14791778669244e-12,2.12599410564666e-12
1.14943520847211e-12,2.13443865004777e-12
1.15095572366058e-12,2.14290740843028e-12
1.15247934340058e-12,2.15140039586063e-12
1.1540060788524e-12,2.15991762704224e-12
1.15553594119394e-12,2.16845911631199e-12
1.1570689416208e-12,2.17702487763674e-12
1.15860509134644e-12,2.18561492460986e-12
1.16014440160223e-12,2.1942292704476e-12
1.16168688363756e-12,2.20286792798558e-12
1.16323254871994e-12,2.21153090967514e-12
1.16478140813507e-12,2.22021822757968e-12
1.16633347318696e-12,2.22892989337103e-12
1.167888755198e-12,2.23766591832571e-12
1.16944726550904e-12,2.24642631332119e-12
1.17100901547947e-12,2.25521108883213e-12
1.17257401648729e-12,2.2640202549266e-12
1.17414227992921e-12,2.27285382126222e-12
1.17571381722068e-12,2.2817117970823e-12
1.17728863979597e-12,2.29059419121201e-12
1.17886675910822e-12,2.29950101205439e-12
1.18044818662948e-12,2.30843226758646e-12
1.18203293385078e-12,2.31738796535524e-12
1.18362101228213e-12,2.32636811247373e-12
1.18521243345258e-12,2.33537271561688e-12
1.18680720891023e-12,2.34440178101762e-12
1.18840535022223e-12,2.35345531446265e-12
1.19000686897479e-12,2.36253332128847e-12
1.1916117767732e-12,2.37163580637717e-12
1.19322008524181e-12,2.3807627741523e-12
1.19483180602395e-12,2.38991422857471e-12
1.19644695078198e-12,2.39909017313834e-12
1.19806553119719e-12,2.40829061086606e-12
1.19968755896977e-12,2.4175155443053e-12
1.20131304581873e-12,2.42676497552396e-12
1.20294200348181e-12,2.436038906106e-12
1.20457444371542e-12,2.44533733714721e-12
1.20621037829453e-12,2.4546602692509e-12
1.20784981901249e-12,2.46400770252354e-12
1.20949277768099e-12,2.47337963657042e-12
1.21113926612985e-12,2.48277607049133e-12
1.21278929620686e-12,2.49219700287615e-12
1.21444287977765e-12,2.50164243180045e-12
1.21610002872541e-12,2.51111235482116e-12
1.21776075495077e-12,2.52060676897212e-12
1.21942507037151e-12,2.53012567075963e-12
1.22109298692233e-12,2.53966905615811e-12
1.2227645165546e-12,2.5492369206056e-12
1.22443967123605e-12,2.55882925899936e-12
1.22611846295049e-12,2.56844606569145e-12
1.22780090369746e-12,2.57808733448421e-12
1.22948700549191e-12,2.58775305862592e-12
1.23117678036382e-12,2.59744323080628e-12
1.23287024035784e-12,2.60715784315202e-12
1.23456739753283e-12,2.61689688722243e-12
1.23626826396149e-12,2.62666035400494e-12
1.23797285172983e-12,2.63644823391071e-12
1.23968117293679e-12,2.6462605167702e-12
1.24139323969363e-12,2.65609719182872e-12
1.24310906412348e-12,2.66595824774213e-12
1.24482865836075e-12,2.67584367257237e-12
1.24655203455055e-12,2.68575345378311e-12
1.2482792048481e-12,2.69568757823545e-12
1.25001018141808e-12,2.70564603218352e-12
1.25174497643398e-12,2.71562880127021e-12
1.25348360207739e-12,2.72563587052286e-12
1.2552260705373e-12,2.735667224349e-12
1.25697239400935e-12,2.74572284653213e-12
1.25872258469502e-12,2.75580272022744e-12
1.26047665480087e-12,2.76590682795777e-12
1.26223461653765e-12,2.7760351516093e-12
1.26399648211946e-12,2.78618767242753e-12
1.26576226376283e-12,2.79636437101323e-12
1.26753197368577e-12,2.8065652273183e-12
1.26930562410682e-12,2.8167902206419e-12
1.27108322724403e-12,2.8270393296264e-12
1.27286479531392e-12,2.83731253225354e-12
1.27465034053041e-12,2.84760980584054e-12
1.2764398751037e-12,2.85793112703635e-12
1.27823341123911e-12,2.86827647181781e-12
1.28003096113592e-12,2.87864581548605e-12
1.28183253698614e-12,2.88903913266281e-12
1.28363815097323e-12,2.89945639728688e-12
1.28544781527081e-12,2.90989758261059e-12
1.28726154204136e-12,2.92036266119637e-12
1.28907934343475e-12,2.93085160491339e-12
1.29090123158692e-12,2.94136438493424e-12
1.29272721861838e-12,2.95190097173176e-12
1.29455731663269e-12,2.96246133507582e-12
1.29639153771497e-12,2.97304544403032e-12
1.29822989393024e-12,2.98365326695019e-12
1.30007239732189e-12,2.9942847714785e-12
1.30191905990994e-12,3.00493992454365e-12
1.30376989368935e-12,3.01561869235669e-12
1.30562491062827e-12,3.02632104040869e-12
1.30748412266624e-12,3.03704693346821e-12
1.30934754171231e-12,3.04779633557891e-12
1.31121517964323e-12,3.05856921005728e-12
1.31308704830144e-12,3.06936551949041e-12
1.31496315949309e-12,3.08018522573388e-12
1.31684352498608e-12,3.09102828990985e-12
1.31872815650789e-12,3.10189467240519e-12
1.32061706574357e-12,3.11278433286977e-12
1.32251026433345e-12,3.12369723021482e-12
1.32440776387101e-12,3.13463332261148e-12
1.32630957590059e-12,3.1455925674895e-12
1.32821571191506e-12,3.156574921536e-12
1.33012618335347e-12,3.1675803406944e-12
1.33204100159864e-12,3.17860878016355e-12
1.33396017797468e-12,3.18966019439692e-12
1.33588372374453e-12,3.20073453710197e-12
1.33781165010731e-12,3.21183176123972e-12
1.3397439681958e-12,3.2229518190244e-12
1.34168068907371e-12,3.23409466192339e-12
1.34362182373302e-12,3.24526024065708e-12
1.34556738309116e-12,3.25644850519925e-12
