8.00762022212007e-13,1.37690414435462e-12
8.03017243838609e-13,1.38221796671345e-12
8.0529395467953e-13,1.38751218075983e-12
8.0759219321073e-13,1.39278590928606e-12
8.09911992211488e-13,1.39803825634551e-12
8.12253378429553e-13,1.40326830714548e-12
8.14616372241086e-13,1.40847512795972e-12
8.17000987305822e-13,1.41365776606107e-12
8.19407230217811e-13,1.41881524967514e-12
8.2183510015223e-13,1.42394658795553e-12
8.24284588508686e-13,1.42905077098143e-12
8.26755678551449e-13,1.43412676977802e-12
8.29248345047143e-13,1.43917353636051e-12
8.31762553900315e-13,1.44419000380229e-12
8.34298261787428e-13,1.44917508632786e-12
8.36855415789774e-13,1.45412767943096e-12
8.39433953025803e-13,1.45904666001867e-12
8.42033800283448e-13,1.46393088658172e-12
8.44654873652902e-13,1.46877919939173e-12
8.47297078160503e-13,1.47359042072564e-12
8.4996030740418e-13,1.47836335511799e-12
8.52644443191069e-13,1.48309678964108e-12
8.55349355177888e-13,1.4877894942139e-12
8.58074900514592e-13,1.49244022193963e-12
8.60820923491909e-13,1.49704770947233e-12
8.63587255193371e-13,1.5016106774131e-12
8.66373713152363e-13,1.50612783073571e-12
8.69180101014834e-13,1.51059785924214e-12
8.72006208208212e-13,1.51501943804804e-12
8.74851809617149e-13,1.51939122809832e-12
8.77716665266662e-13,1.52371187671288e-12
8.80600520013265e-13,1.52798001816263e-12
8.83503103244677e-13,1.5321942742756e-12
8.86424128588667e-13,1.53635325507342e-12
8.89363293631666e-13,1.54045555943777e-12
8.92320279647657e-13,1.54449977580691e-12
8.95294751337935e-13,1.54848448290198e-12
8.98286356582323e-13,1.55240825048302e-12
9.01294726202356e-13,1.55626964013429e-12
9.04319473736976e-13,1.56006720607872e-12
9.07360195231342e-13,1.56379949602119e-12
9.10416469039162e-13,1.56746505202006e-12
9.13487855639179e-13,1.5710624113868e-12
9.16573897466232e-13,1.57459010761307e-12
9.19674118757399e-13,1.57804667132478e-12
9.2278802541373e-13,1.58143063126264e-12
9.25915104877992e-13,1.58474051528853e-12
9.29054826028862e-13,1.58797485141705e-12
9.32206639092057e-13,1.5911321688717e-12
9.35369975568747e-13,1.59421099916475e-12
9.38544248181657e-13,1.59720987720017e-12
9.41728850839298e-13,1.60012734239888e-12
9.44923158618565e-13,1.60296193984519e-12
9.48126527766164e-13,1.60571222145391e-12
9.51338295719094e-13,1.60837674715684e-12
9.54557781144519e-13,1.61095408610798e-12
9.57784283999293e-13,1.61344281790614e-12
9.61017085609384e-13,1.61584153383421e-12
9.64255448769456e-13,1.6181488381137e-12
9.6749861786274e-13,1.62036334917372e-12
9.70745819001473e-13,1.62248370093297e-12
9.73996260187982e-13,1.62450854409376e-12
9.77249131496552e-13,1.62643654744665e-12
9.8050360527626e-13,1.62826639918466e-12
9.83758836374735e-13,1.62999680822551e-12
9.87013962382981e-13,1.63162650554083e-12
9.90268103901301e-13,1.6331542454908e-12
9.93520364826223e-13,1.63457880716289e-12
9.9676983265853e-13,1.6358989957134e-12
1.00001557883224e-12,1.63711364371024e-12
1.0032566590645e-12,1.63822161247561e-12
1.0064921137263e-12,1.63922179342704e-12
1.00972096823384e-12,1.64011310941542e-12
1.01294223346035e-12,1.6408945160583e-12
1.01615490616831e-12,1.64156500306727e-12
1.01935796946166e-12,1.64212359556759e-12
1.02255039325796e-12,1.64256935540866e-12
1.02573113478001e-12,1.64290138246389e-12
1.02889913906684e-12,1.64311881591813e-12
1.03205333950359e-12,1.64322083554141e-12
1.03519265836996e-12,1.64320666294724e-12
1.03831600740693e-12,1.64307556283392e-12
1.04142228840125e-12,1.64282684420735e-12
1.04451039378726e-12,1.64245986158378e-12
1.04757920726571e-12,1.64197401617083e-12
1.05062760443893e-12,1.64136875702539e-12
1.05365445346194e-12,1.64064358218675e-12
1.05665861570895e-12,1.63979803978339e-12
1.05963894645472e-12,1.63883172911209e-12
1.06259429557012e-12,1.63774430168763e-12
1.06552350823135e-12,1.63653546226179e-12
1.06842542564227e-12,1.63520496980996e-12
1.07129888576898e-12,1.63375263848423e-12
1.07414272408623e-12,1.63217833853118e-12
1.07695577433482e-12,1.63048199717326e-12
1.07973686928932e-12,1.62866359945221e-12
1.08248484153544e-12,1.62672318903323e-12
1.08519852425627e-12,1.62466086896871e-12
1.08787675202656e-12,1.62247680241998e-12
1.0905183616145e-12,1.62017121333615e-12
1.09312219278991e-12,1.61774438708859e-12
1.09568708913829e-12,1.61519667106001e-12
1.09821189887977e-12,1.61252847518702e-12
1.10069547569227e-12,1.60974027245504e-12
1.10313667953782e-12,1.60683259934457e-12
1.1055343774915e-12,1.60380605622777e-12
1.10788744457185e-12,1.60066130771458e-12
1.11019476457209e-12,1.5973990829472e-12
1.11245523089119e-12,1.59402017584244e-12
1.11466774736394e-12,1.59052544528089e-12
1.11683122908919e-12,1.58691581524227e-12
1.11894460325528e-12,1.58319227488638e-12
1.12100680996188e-12,1.57935587857885e-12
1.1230168030373e-12,1.57540774586134e-12
1.12497355085039e-12,1.5713490613655e-12
1.1268760371162e-12,1.56718107467042e-12
1.12872326169445e-12,1.56290510010314e-12
1.13051424137997e-12,1.55852251648177e-12
1.13224801068425e-12,1.55403476680133e-12
1.13392362260725e-12,1.54944335786165e-12
1.1355401493985e-12,1.5447498598377e-12
1.13709668330686e-12,1.53995590579195e-12
1.13859233731782e-12,1.53506319112889e-12
1.14002624587779e-12,1.53007347299193e-12
1.14139756560433e-12,1.5249885696026e-12
1.14270547598171e-12,1.51981035954245e-12
1.14394918004078e-12,1.51454078097785e-12
1.14512790502265e-12,1.50918183082814e-12
1.1462409030252e-12,1.50373556387742e-12
1.14728745163171e-12,1.49820409183064e-12
1.14826685452102e-12,1.4925895823144e-12
1.14917844205834e-12,1.48689425782324e-12
1.15002157186614e-12,1.48112039461198e-12
1.15079562937434e-12,1.47527032153501e-12
1.15150002834933e-12,1.46934641883325e-12
1.15213421140099e-12,1.46335111686978e-12
1.15269765046727e-12,1.45728689481505e-12
1.15318984727564e-12,1.4511562792827e-12
1.153610333781e-12,1.44496184291711e-12
1.15395867257935e-12,1.43870620293389e-12
1.15423445729681e-12,1.43239201961435e-12
1.15443731295363e-12,1.42602199475547e-12
1.15456689630248e-12,1.41959887007657e-12
1.15462289614089e-12,1.41312542558403e-12
1.15460503359725e-12,1.4066044778957e-12
1.15451306239011e-12,1.40003887852636e-12
1.15434676906043e-12,1.39343151213577e-12
1.15410597317654e-12,1.38678529474107e-12
1.15379052751139e-12,1.38010317189516e-12
1.15340031819205e-12,1.37338811683255e-12
1.15293526482116e-12,1.36664312858483e-12
1.15239532057015e-12,1.35987123006724e-12
1.15178047224414e-12,1.35307546613828e-12
1.15109074031839e-12,1.34625890163441e-12
1.15032617894622e-12,1.33942461938143e-12
1.14948687593843e-12,1.33257571818485e-12
1.14857295271409e-12,1.325715310801e-12
1.14758456422292e-12,1.31884652189106e-12
1.14652189883907e-12,1.3119724859599e-12
1.14538517822664e-12,1.30509634528198e-12
1.14417465717694e-12,1.29822124781631e-12
1.14289062341763e-12,1.29135034511257e-12
1.14153339739405e-12,1.28448679021064e-12
1.14010333202284e-12,1.27763373553562e-12
1.13860081241818e-12,1.27079433079043e-12
1.13702625559097e-12,1.26397172084838e-12
1.13538011012115e-12,1.25716904364769e-12
1.13366285580369e-12,1.25038942809027e-12
1.13187500326842e-12,1.24363599194684e-12
1.1300170935744e-12,1.23691183977079e-12
1.12808969777889e-12,1.23022006082265e-12
1.12609341648186e-12,1.2235637270077e-12
1.12402887934607e-12,1.21694589082858e-12
1.12189674459362e-12,1.21036958335526e-12
1.11969769847933e-12,1.20383781221443e-12
1.1174324547416e-12,1.19735355960042e-12
1.11510175403133e-12,1.19091978030987e-12
1.11270636331958e-12,1.18453939980197e-12
1.11024707528457e-12,1.17821531228664e-12
1.10772470767877e-12,1.17195037884245e-12
1.1051401026767e-12,1.16574742556635e-12
1.10249412620427e-12,1.15960924175711e-12
1.09978766725033e-12,1.15353857813453e-12
1.09702163716117e-12,1.14753814509606e-12
1.09419696891889e-12,1.14161061101294e-12
1.0913146164043e-12,1.13575860056738e-12
1.08837555364521e-12,1.12998469313276e-12
1.08538077405102e-12,1.12429142119833e-12
1.08233128963432e-12,1.11868126884023e-12
1.07922813022053e-12,1.11315667024032e-12
1.07607234264627e-12,1.1077200082543e-12
1.07286498994746e-12,1.10237361303073e-12
1.0696071505381e-12,1.09711976068223e-12
1.06629991738044e-12,1.09196067201023e-12
1.06294439714765e-12,1.08689851128467e-12
1.05954170937973e-12,1.0819353850796e-12
1.0560929856338e-12,1.07707334116613e-12
1.05259936862946e-12,1.07231436746357e-12
1.04906201139028e-12,1.0676603910499e-12
1.04548207638234e-12,1.0631132772324e-12
1.04186073465074e-12,1.05867482867938e-12
1.03819916495495e-12,1.05434678461371e-12
1.03449855290406e-12,1.05013082006895e-12
1.03076009009268e-12,1.04602854520854e-12
1.02698497323853e-12,1.04204150470882e-12
1.02317440332265e-12,1.03817117720614e-12
1.01932958473296e-12,1.03441897480852e-12
1.01545172441233e-12,1.03078624267222e-12
1.01154203101177e-12,1.02727425864334e-12
1.00760171404987e-12,1.02388423296469e-12
1.00363198307911e-12,1.02061730804788e-12
9.99634046860159e-13,1.01747455831068e-12
9.95609112544708e-13,1.01445699007956e-12
9.91558384867929e-13,1.01156554155716e-12
9.87483065351175e-13,1.00880108285439e-12
9.83384351515821e-13,1.006164416087e-12
9.79263436108958e-13,1.00365627553588e-12
9.75121506341723e-13,1.00127732787089e-12
9.70959743140996e-13,9.99028172437389e-13
9.66779320415148e-13,9.96909341604904e-13
9.62581404334586e-13,9.94921301177195e-13
9.58367152627685e-13,9.93064450862807e-13
9.54137713892854e-13,9.91339124805315e-13
9.49894226927227e-13,9.89745592172147e-13
9.45637820072717e-13,9.88284057801086e-13
9.41369610579895e-13,9.86954662903215e-13
9.37090703990274e-13,9.85757485821129e-13
9.32802193537524e-13,9.84692542841203e-13
9.28505159568132e-13,9.83759789058546e-13
9.24200668981879e-13,9.82959119293234e-13
9.19889774692688e-13,9.82290369056401e-13
9.15573515110152e-13,9.81753315564675e-13
9.11252913642163e-13,9.81347678801313e-13
9.06928978218991e-13,9.81073122622513e-13
9.02602700839101e-13,9.809292559071e-13
8.98275057137026e-13,9.80915633747986e-13
8.93947005973513e-13,9.81031758683437e-13
8.89619489048234e-13,9.81277081966519e-13
8.85293430535164e-13,9.81651004870685e-13
8.80969736740872e-13,9.82152880029676e-13
8.76649295785813e-13,9.82782012809733e-13
8.72332977308722e-13,9.83537662712178e-13
8.68021632194206e-13,9.84419044804309e-13
8.63716092323582e-13,9.85425331176562e-13
8.59417170348873e-13,9.86555652423858e-13
8.55125659490115e-13,9.87809099149096e-13
8.50842333355736e-13,9.89184723486544e-13
8.46567945786074e-13,9.90681540643156e-13
8.42303230719817e-13,9.92298530455496e-13
8.38048902083311e-13,9.94034638960263e-13
8.33805653702468e-13,9.95888779976129e-13
8.29574159237197e-13,9.97859836694803e-13
8.25355072138004e-13,9.99946663279059e-13
8.21149025624613e-13,1.0021480864657e-12
8.16956632686239e-13,1.00446290717108e-12
8.1277848610329e-13,1.00688990209729e-12
8.08615158490096e-13,1.00942782533661e-12
8.04467202358315e-13,1.01207540997228e-12
8.00335150200703e-13,1.01483136967338e-12
7.96219514594715e-13,1.01769440028181e-12
7.92120788325649e-13,1.02066318138922e-12
7.88039444528746e-13,1.02373637790189e-12
7.83975936849883e-13,1.02691264159158e-12
7.79930699624285e-13,1.03019061263038e-12
7.75904148072805e-13,1.03356892110756e-12
7.71896678515144e-13,1.03704618852657e-12
7.67908668599636e-13,1.04062102928035e-12
7.63940477548768e-13,1.04429205210317e-12
7.59992446420138e-13,1.04805786149706e-12
7.56064898382026e-13,1.05191705913144e-12
7.52158139003099e-13,1.05586824521396e-12
7.48272456555552e-13,1.05991001983117e-12
7.44408122331089e-13,1.06404098425738e-12
7.40565390969065e-13,1.06825974223026e-12
7.36744500796177e-13,1.07256490119177e-12
7.32945674176965e-13,1.07695507349297e-12
7.29169117874532e-13,1.08142887756157e-12
7.25415023420713e-13,1.08598493903088e-12
7.2168356749509e-13,1.09062189182902e-12
7.17974912312119e-13,1.09533837922736e-12
7.14289206015642e-13,1.10013305484718e-12
7.106265830802e-13,1.10500458362346e-12
7.06987164718289e-13,1.10995164272525e-12
7.03371059293014e-13,1.11497292243145e-12
6.99778362735343e-13,1.12006712696167e-12
6.96209158965319e-13,1.12523297526124e-12
6.92663520316504e-13,1.13046920174001e-12
6.89141507963011e-13,1.13577455696442e-12
6.85643172348383e-13,1.1411478083024e-12
6.82168553615716e-13,1.14658774052087e-12
6.78717682038282e-13,1.15209315633557e-12
6.7529057845007e-13,1.15766287691307e-12
6.7188725467553e-13,1.16329574232498e-12
6.68507713957895e-13,1.1689906119542e-12
6.65151951385505e-13,1.17474636485351e-12
6.61819954315422e-13,1.18056190005657e-12
6.58511702793839e-13,1.18643613684157e-12
6.55227169972583e-13,1.19236801494792e-12
6.51966322521255e-13,1.19835649474639e-12
6.48729121034311e-13,1.20440055736315e-12
