1.95299823363915e-12,3.07469835311247e-12
1.95462275089219e-12,3.08494361513576e-12
1.95624934320106e-12,3.09518348564529e-12
1.95787792160961e-12,3.10541732359859e-12
1.95950839494278e-12,3.11564447854603e-12
1.96114066977583e-12,3.12586429059025e-12
1.96277465040417e-12,3.13607609034896e-12
1.96441023881372e-12,3.14627919892122e-12
1.96604733465176e-12,3.15647292785707e-12
1.96768583519838e-12,3.16665657913093e-12
1.96932563533858e-12,3.17682944511856e-12
1.97096662753502e-12,3.18699080857789e-12
1.97260870180129e-12,3.19713994263358e-12
1.97425174567614e-12,3.20727611076569e-12
1.97589564419816e-12,3.21739856680219e-12
1.9775402798814e-12,3.22750655491571e-12
1.97918553269166e-12,3.23759930962443e-12
1.9808312800237e-12,3.24767605579723e-12
1.9824773966791e-12,3.25773600866316e-12
1.98412375484518e-12,3.26777837382543e-12
1.98577022407468e-12,3.27780234727975e-12
1.98741667126641e-12,3.28780711543735e-12
1.98906296064677e-12,3.29779185515261e-12
1.99070895375234e-12,3.30775573375534e-12
1.99235450941336e-12,3.31769790908792e-12
1.99399948373827e-12,3.32761752954725e-12
1.9956437300993e-12,3.33751373413157e-12
1.99728709911909e-12,3.3473856524923e-12
1.99892943865841e-12,3.35723240499085e-12
2.00057059380499e-12,3.36705310276057e-12
2.00221040686351e-12,3.3768468477738e-12
2.00384871734668e-12,3.38661273291411e-12
2.00548536196757e-12,3.39634984205378e-12
2.00712017463307e-12,3.40605725013661e-12
2.00875298643863e-12,3.41573402326599e-12
2.01038362566422e-12,3.42537921879843e-12
2.01201191777149e-12,3.43499188544238e-12
2.01363768540233e-12,3.44457106336266e-12
2.0152607483786e-12,3.45411578429025e-12
2.01688092370324e-12,3.46362507163766e-12
2.01849802556273e-12,3.47309794061983e-12
2.02011186533083e-12,3.48253339838057e-12
2.02172225157377e-12,3.49193044412469e-12
2.02332899005674e-12,3.50128806925563e-12
2.02493188375181e-12,3.5106052575188e-12
2.02653073284729e-12,3.51988098515055e-12
2.02812533475844e-12,3.52911422103277e-12
2.02971548413967e-12,3.53830392685315e-12
2.03130097289818e-12,3.54744905727119e-12
2.03288159020903e-12,3.55654856008979e-12
2.0344571225317e-12,3.56560137643248e-12
2.03602735362811e-12,3.57460644092651e-12
2.03759206458216e-12,3.58356268189126e-12
2.0391510338207e-12,3.59246902153264e-12
2.04070403713607e-12,3.60132437614283e-12
2.0422508477101e-12,3.61012765630587e-12
2.04379123613966e-12,3.61887776710858e-12
2.04532497046364e-12,3.62757360835724e-12
2.04685181619159e-12,3.6362140747997e-12
2.04837153633375e-12,3.64479805635297e-12
2.04988389143269e-12,3.65332443833635e-12
2.05138863959642e-12,3.66179210170985e-12
2.05288553653308e-12,3.67019992331812e-12
2.05437433558712e-12,3.67854677613956e-12
2.05585478777699e-12,3.68683152954081e-12
2.05732664183441e-12,3.69505304953642e-12
2.05878964424508e-12,3.70321019905367e-12
2.060243539291e-12,3.71130183820247e-12
2.06168806909417e-12,3.71932682455034e-12
2.06312297366198e-12,3.72728401340233e-12
2.06454799093384e-12,3.73517225808578e-12
2.06596285682959e-12,3.74299041023998e-12
2.06736730529912e-12,3.75073732011047e-12
2.06876106837367e-12,3.75841183684804e-12
2.07014387621845e-12,3.76601280881233e-12
2.07151545718679e-12,3.77353908387977e-12
2.07287553787565e-12,3.78098950975603e-12
2.07422384318268e-12,3.78836293429273e-12
2.07556009636452e-12,3.79565820580816e-12
2.07688401909662e-12,3.80287417341238e-12
2.07819533153437e-12,3.81000968733594e-12
2.07949375237569e-12,3.81706359926275e-12
2.08077899892477e-12,3.82403476266647e-12
2.08205078715735e-12,3.83092203315067e-12
2.08330883178716e-12,3.83772426879241e-12
2.0845528463337e-12,3.84444033048918e-12
2.08578254319127e-12,3.85106908230914e-12
2.08699763369925e-12,3.85760939184449e-12
2.08819782821358e-12,3.86406013056773e-12
2.08938283617945e-12,3.87042017419086e-12
2.09055236620515e-12,3.87668840302724e-12
2.09170612613707e-12,3.88286370235602e-12
2.09284382313583e-12,3.88894496278898e-12
2.09396516375343e-12,3.89493108063965e-12
2.0950698540116e-12,3.90082095829457e-12
2.09615759948103e-12,3.90661350458649e-12
2.09722810536171e-12,3.91230763516932e-12
2.09828107656419e-12,3.91790227289486e-12
2.09931621779183e-12,3.92339634819089e-12
2.10033323362393e-12,3.92878879944071e-12
2.10133182859974e-12,3.93407857336372e-12
2.1023117073033e-12,3.93926462539703e-12
2.10327257444917e-12,3.94434592007792e-12
2.10421413496884e-12,3.94932143142695e-12
2.10513609409795e-12,3.95419014333151e-12
2.10603815746418e-12,3.95895104992964e-12
2.10692003117588e-12,3.96360315599408e-12
2.10778142191121e-12,3.96814547731613e-12
2.10862203700803e-12,3.9725770410894e-12
2.10944158455422e-12,3.97689688629298e-12
2.1102397734786e-12,3.98110406407415e-12
2.11101631364234e-12,3.98519763813024e-12
2.11177091593071e-12,3.98917668508947e-12
2.1125032923454e-12,3.99304029489069e-12
2.11321315609702e-12,3.99678757116171e-12
2.11390022169811e-12,4.00041763159615e-12
2.11456420505625e-12,4.00392960832844e-12
2.11520482356754e-12,4.00732264830703e-12
2.11582179621026e-12,4.01059591366542e-12
2.11641484363859e-12,4.0137485820908e-12
2.1169836882766e-12,4.01677984719033e-12
2.11752805441214e-12,4.01968891885463e-12
2.11804766829092e-12,4.02247502361838e-12
2.11854225821045e-12,4.02513740501793e-12
2.11901155461396e-12,4.02767532394548e-12
2.11945529018428e-12,4.03008805899992e-12
2.11987319993744e-12,4.03237490683395e-12
2.12026502131621e-12,4.03453518249738e-12
2.12063049428335e-12,4.03656821977636e-12
2.12096936141452e-12,4.03847337152833e-12
2.12128136799099e-12,4.04025001001268e-12
2.12156626209188e-12,4.04189752721665e-12
2.12182379468603e-12,4.04341533517651e-12
2.1220537197234e-12,4.04480286629367e-12
2.12225579422596e-12,4.04605957364576e-12
2.12242977837805e-12,4.04718493129221e-12
2.12257543561615e-12,4.04817843457429e-12
2.12269253271796e-12,4.04903960040954e-12
2.12278083989091e-12,4.04976796758018e-12
2.12284013085982e-12,4.05036309701549e-12
2.12287018295386e-12,4.05082457206791e-12
2.1228707771927e-12,4.05115199878274e-12
2.12284169837179e-12,4.05134500616115e-12
2.12278273514676e-12,4.0514032464166e-12
2.12269368011678e-12,4.05132639522401e-12
2.12257432990712e-12,4.0511141519622e-12
2.12242448525053e-12,4.05076623994872e-12
2.12224395106758e-12,4.05028240666751e-12
2.12203253654594e-12,4.04966242398882e-12
2.12179005521848e-12,4.04890608838141e-12
2.12151632504013e-12,4.04801322111695e-12
2.12121116846361e-12,4.04698366846632e-12
2.12087441251381e-12,4.04581730188775e-12
2.12050588886085e-12,4.04451401820658e-12
2.12010543389184e-12,4.04307373978669e-12
2.11967288878125e-12,4.04149641469323e-12
2.11920809955976e-12,4.03978201684667e-12
2.1187109171818e-12,4.03793054616801e-12
2.11818119759143e-12,4.03594202871505e-12
2.11761880178683e-12,4.03381651680952e-12
2.11702359588309e-12,4.03155408915502e-12
2.11639545117345e-12,4.0291548509457e-12
2.11573424418896e-12,4.0266189339655e-12
2.11503985675634e-12,4.02394649667786e-12
2.11431217605423e-12,4.02113772430583e-12
2.11355109466767e-12,4.01819282890248e-12
2.11275651064082e-12,4.01511204941154e-12
2.11192832752786e-12,4.01189565171813e-12
2.11106645444211e-12,4.00854392868953e-12
2.11017080610322e-12,4.00505720020604e-12
2.10924130288254e-12,4.00143581318151e-12
2.10827787084658e-12,3.997680141574e-12
2.10728044179848e-12,3.99379058638603e-12
2.10624895331757e-12,3.9897675756546e-12
2.1051833487969e-12,3.98561156443094e-12
2.10408357747883e-12,3.98132303474987e-12
2.10294959448853e-12,3.97690249558879e-12
2.10178136086545e-12,3.97235048281613e-12
2.1005788435927e-12,3.96766755912958e-12
2.09934201562439e-12,3.96285431398355e-12
2.09807085591081e-12,3.95791136350639e-12
2.09676534942149e-12,3.95283935040693e-12
2.09542548716618e-12,3.94763894387061e-12
2.09405126621357e-12,3.94231083944508e-12
2.09264268970795e-12,3.93685575891528e-12
2.09119976688359e-12,3.93127445016804e-12
2.08972251307699e-12,3.92556768704619e-12
2.08821094973691e-12,3.91973626919225e-12
2.08666510443219e-12,3.9137810218817e-12
2.08508501085728e-12,3.90770279584581e-12
2.08347070883568e-12,3.90150246708419e-12
2.08182224432101e-12,3.895180936667e-12
2.08013966939587e-12,3.88873913052688e-12
2.07842304226852e-12,3.8821779992408e-12
2.07667242726726e-12,3.87549851780163e-12
2.0748878948325e-12,3.86870168537972e-12
2.07306952150674e-12,3.86178852507462e-12
2.07121738992212e-12,3.85476008365654e-12
2.06933158878586e-12,3.84761743129842e-12
2.06741221286337e-12,3.84036166129792e-12
2.06545936295916e-12,3.83299388979003e-12
2.06347314589548e-12,3.82551525544991e-12
2.0614536744888e-12,3.81792691918651e-12
2.05940106752398e-12,3.81023006382673e-12
2.05731544972627e-12,3.80242589379051e-12
2.05519695173112e-12,3.79451563475674e-12
2.05304571005174e-12,3.78650053332024e-12
2.0508618670446e-12,3.77838185664008e-12
2.04864557087258e-12,3.77016089207899e-12
2.04639697546614e-12,3.76183894683445e-12
2.04411624048224e-12,3.7534173475613e-12
2.0418035312612e-12,3.74489743998618e-12
2.03945901878143e-12,3.73628058851388e-12
2.03708287961207e-12,3.72756817582584e-12
2.03467529586356e-12,3.71876160247081e-12
2.03223645513623e-12,3.70986228644819e-12
2.02976655046676e-12,3.70087166278372e-12
2.02726578027272e-12,3.69179118309815e-12
2.0247343482951e-12,3.68262231516894e-12
2.02217246353894e-12,3.67336654248503e-12
2.01958034021195e-12,3.66402536379505e-12
2.01695819766129e-12,3.65460029264913e-12
2.01430626030848e-12,3.64509285693456e-12
2.01162475758247e-12,3.63550459840529e-12
2.00891392385084e-12,3.62583707220584e-12
2.00617399834937e-12,3.61609184638949e-12
2.00340522510962e-12,3.60627050143119e-12
2.00060785288508e-12,3.59637462973532e-12
1.9977821350754e-12,3.58640583513863e-12
1.99492832964913e-12,3.57636573240835e-12
1.99204669906476e-12,3.56625594673598e-12
1.98913751019023e-12,3.55607811322694e-12
1.98620103422089e-12,3.54583387638607e-12
1.98323754659594e-12,3.53552488959954e-12
1.98024732691345e-12,3.5251528146133e-12
1.97723065884395e-12,3.51471932100821e-12
1.97418783004257e-12,3.50422608567229e-12
1.97111913205999e-12,3.49367479227016e-12
1.9680248602519e-12,3.48306713071e-12
1.96490531368734e-12,3.47240479660837e-12
1.9617607950558e-12,3.46168949075304e-12
1.95859161057312e-12,3.45092291856401e-12
1.9553980698863e-12,3.44010678955326e-12
1.95218048597717e-12,3.42924281678313e-12
1.94893917506508e-12,3.41833271632395e-12
1.94567445650862e-12,3.40737820671085e-12
1.94238665270628e-12,3.39638100840032e-12
1.93907608899635e-12,3.38534284322647e-12
1.93574309355588e-12,3.37426543385763e-12
1.9323879972989e-12,3.36315050325322e-12
1.92901113377379e-12,3.35199977412117e-12
1.92561283906005e-12,3.34081496837659e-12
1.92219345166436e-12,3.32959780660131e-12
1.91875331241599e-12,3.31835000750507e-12
1.91529276436178e-12,3.30707328738837e-12
1.91181215266043e-12,3.29576935960728e-12
1.90831182447649e-12,3.28443993404061e-12
1.90479212887385e-12,3.27308671655944e-12
1.90125341670888e-12,3.26171140849956e-12
1.89769604052326e-12,3.25031570613678e-12
1.89412035443662e-12,3.23890130016579e-12
1.89052671403884e-12,3.22746987518234e-12
1.88691547628226e-12,3.2160231091692e-12
1.88328699937385e-12,3.20456267298641e-12
1.87964164266716e-12,3.19309022986563e-12
1.87597976655442e-12,3.18160743490911e-12
1.87230173235857e-12,3.17011593459346e-12
1.86860790222545e-12,3.15861736627843e-12
1.86489863901609e-12,3.14711335772109e-12
1.86117430619921e-12,3.13560552659531e-12
1.85743526774398e-12,3.12409548001727e-12
1.85368188801301e-12,3.11258481407666e-12
1.84991453165578e-12,3.1010751133744e-12
1.84613356350235e-12,3.08956795056657e-12
1.84233934845758e-12,3.07806488591502e-12
1.83853225139584e-12,3.06656746684509e-12
1.83471263705618e-12,3.05507722751002e-12
1.83088086993817e-12,3.04359568836306e-12
1.82703731419836e-12,3.03212435573681e-12
1.82318233354732e-12,3.02066472143037e-12
1.81931629114756e-12,3.00921826230443e-12
1.81543954951207e-12,2.9977864398843e-12
1.81155247040377e-12,2.98637069997143e-12
1.80765541473577e-12,2.97497247226311e-12
1.8037487424726e-12,2.96359316998113e-12
1.79983281253227e-12,2.95223418950902e-12
1.79590798268946e-12,2.94089691003824e-12
1.79197460947965e-12,2.92958269322372e-12
1.78803304810433e-12,2.91829288284846e-12
1.78408365233739e-12,2.90702880449768e-12
1.7801267744326e-12,2.89579176524255e-12
1.7761627650323e-12,2.88458305333357e-12
1.77219197307736e-12,2.8734039379039e-12
1.76821474571839e-12,2.86225566868261e-12
1.76423142822826e-12,2.85113947571803e-12
1.76024236391595e-12,2.84005656911128e-12
1.75624789404184e-12,2.82900813876022e-12
1.75224835773434e-12,2.81799535411374e-12
1.74824409190804e-12,2.80701936393654e-12
1.74423543118333e-12,2.79608129608465e-12
