1.31267693234022e-12,1.73845393916669e-12
1.31583491697703e-12,1.74434759073977e-12
1.31900899545851e-12,1.7502115952276e-12
1.32219892356132e-12,1.75604497827967e-12
1.32540444924259e-12,1.76184676077167e-12
1.32862531263294e-12,1.76761595912205e-12
1.33186124603338e-12,1.77335158561467e-12
1.335111973916e-12,1.77905264872758e-12
1.33837721292843e-12,1.78471815346753e-12
1.34165667190229e-12,1.79034710171032e-12
1.34495005186547e-12,1.7959384925467e-12
1.34825704605837e-12,1.8014913226338e-12
1.35157733995405e-12,1.80700458655186e-12
1.35491061128243e-12,1.8124772771662e-12
1.35825653005838e-12,1.81790838599417e-12
1.36161475861392e-12,1.82329690357703e-12
1.36498495163437e-12,1.82864181985655e-12
1.36836675619856e-12,1.8339421245562e-12
1.37175981182308e-12,1.83919680756667e-12
1.3751637505106e-12,1.84440485933574e-12
1.3785781968022e-12,1.8495652712621e-12
1.3820027678338e-12,1.8546770360931e-12
1.38543707339662e-12,1.8597391483262e-12
1.38888071600175e-12,1.86475060461389e-12
1.39233329094866e-12,1.86971040417201e-12
1.39579438639789e-12,1.8746175491911e-12
1.39926358344766e-12,1.87947104525079e-12
1.40274045621458e-12,1.88426990173684e-12
1.4062245719183e-12,1.88901313226076e-12
1.40971549097025e-12,1.89369975508172e-12
1.4132127670662e-12,1.89832879353061e-12
1.41671594728296e-12,1.90289927643605e-12
1.42022457217881e-12,1.90741023855194e-12
1.423738175898e-12,1.91186072098665e-12
1.42725628627901e-12,1.91624977163341e-12
1.43077842496667e-12,1.92057644560169e-12
1.43430410752812e-12,1.92483980564943e-12
1.43783284357253e-12,1.92903892261592e-12
1.4413641368745e-12,1.93317287585486e-12
1.44489748550123e-12,1.93724075366776e-12
1.44843238194325e-12,1.94124165373707e-12
1.45196831324885e-12,1.94517468355907e-12
1.45550476116195e-12,1.94903896087615e-12
1.45904120226357e-12,1.95283361410825e-12
1.46257710811668e-12,1.95655778278335e-12
1.46611194541451e-12,1.96021061796656e-12
1.46964517613215e-12,1.96379128268779e-12
1.47317625768141e-12,1.96729895236758e-12
1.47670464306901e-12,1.97073281524098e-12
1.48022978105775e-12,1.97409207277913e-12
1.48375111633093e-12,1.97737594010844e-12
1.48726808965972e-12,1.98058364642694e-12
1.49078013807345e-12,1.98371443541776e-12
1.49428669503283e-12,1.98676756565929e-12
1.49778719060601e-12,1.98974231103201e-12
1.50128105164724e-12,1.99263796112158e-12
1.50476770197831e-12,1.9954538216179e-12
1.50824656257254e-12,1.99818921471021e-12
1.51171705174117e-12,2.00084347947756e-12
1.51517858532227e-12,2.00341597227477e-12
1.51863057687194e-12,2.00590606711348e-12
1.52207243785769e-12,2.00831315603808e-12
1.52550357785406e-12,2.01063664949623e-12
1.52892340474021e-12,2.01287597670391e-12
1.53233132489957e-12,2.01503058600456e-12
1.53572674342124e-12,2.01709994522222e-12
1.53910906430332e-12,2.01908354200842e-12
1.5424776906578e-12,2.02098088418256e-12
1.5458320249171e-12,2.02279150006557e-12
1.54917146904207e-12,2.02451493880666e-12
1.55249542473139e-12,2.02615077070293e-12
1.55580329363227e-12,2.02769858751159e-12
1.55909447755231e-12,2.02915800275469e-12
1.56236837867247e-12,2.03052865201598e-12
1.56562439976098e-12,2.03181019322983e-12
1.56886194438814e-12,2.03300230696203e-12
1.57208041714194e-12,2.03410469668217e-12
1.57527922384425e-12,2.0351170890274e-12
1.57845777176758e-12,2.03603923405757e-12
1.58161546985239e-12,2.03687090550133e-12
1.58475172892455e-12,2.0376119009931e-12
1.58786596191323e-12,2.03826204230088e-12
1.5909575840687e-12,2.03882117554442e-12
1.5940260131803e-12,2.03928917140389e-12
1.59707066979425e-12,2.03966592531871e-12
1.60009097743115e-12,2.03995135767642e-12
1.60308636280332e-12,2.04014541399142e-12
1.60605625603154e-12,2.04024806507357e-12
1.60900009086134e-12,2.04025930718626e-12
1.61191730487858e-12,2.04017916219403e-12
1.61480733972423e-12,2.04000767769951e-12
1.61766964130832e-12,2.03974492716958e-12
1.62050366002285e-12,2.03939101005061e-12
1.62330885095355e-12,2.03894605187265e-12
1.6260846740905e-12,2.03841020434257e-12
1.62883059453736e-12,2.03778364542587e-12
1.6315460827191e-12,2.03706657941722e-12
1.63423061458833e-12,2.03625923699957e-12
1.63688367182974e-12,2.03536187529172e-12
1.639504742063e-12,2.03437477788435e-12
1.64209331904356e-12,2.03329825486433e-12
1.64464890286163e-12,2.03213264282738e-12
1.6471710001389e-12,2.03087830487891e-12
1.64965912422322e-12,2.02953563062301e-12
1.65211279538081e-12,2.02810503613959e-12
1.65453154098617e-12,2.02658696394956e-12
1.65691489570939e-12,2.02498188296812e-12
1.6592624017009e-12,2.02329028844598e-12
1.66157360877346e-12,2.02151270189871e-12
1.66384807458131e-12,2.0196496710239e-12
1.66608536479646e-12,2.01770176960652e-12
1.66828505328191e-12,2.01566959741208e-12
1.67044672226175e-12,2.01355378006786e-12
1.67256996248814e-12,2.01135496893219e-12
1.67465437340481e-12,2.00907384095171e-12
1.6766995633074e-12,2.00671109850669e-12
1.67870514950013e-12,2.00426746924445e-12
1.68067075844897e-12,2.00174370590101e-12
1.68259602593119e-12,1.99914058611078e-12
1.68448059718112e-12,1.99645891220465e-12
1.6863241270321e-12,1.9936995109963e-12
1.68812628005457e-12,1.99086323355694e-12
1.68988673069011e-12,1.98795095497852e-12
1.69160516338149e-12,1.98496357412549e-12
1.69328127269854e-12,1.98190201337517e-12
1.69491476345992e-12,1.97876721834697e-12
1.69650535085043e-12,1.97556015762033e-12
1.69805276053421e-12,1.97228182244171e-12
1.69955672876335e-12,1.96893322642069e-12
1.70101700248217e-12,1.96551540521521e-12
1.70243333942685e-12,1.96202941620621e-12
1.70380550822061e-12,1.95847633816175e-12
1.70513328846417e-12,1.95485727089081e-12
1.70641647082149e-12,1.95117333488674e-12
1.70765485710084e-12,1.94742567096089e-12
1.70884826033107e-12,1.94361543986611e-12
1.709996504833e-12,1.93974382191078e-12
1.71109942628594e-12,1.93581201656309e-12
1.71215687178934e-12,1.93182124204617e-12
1.71316869991945e-12,1.92777273492393e-12
1.71413478078096e-12,1.92366774967801e-12
1.71505499605367e-12,1.91950755827598e-12
1.71592923903411e-12,1.91529344973095e-12
1.71675741467203e-12,1.91102672965294e-12
1.7175394396018e-12,1.90670871979205e-12
1.71827524216878e-12,1.90234075757377e-12
1.71896476245039e-12,1.89792419562671e-12
1.71960795227218e-12,1.89346040130283e-12
1.72020477521866e-12,1.88895075619054e-12
1.7207552066389e-12,1.88439665562084e-12
1.72125923364707e-12,1.87979950816681e-12
1.72171685511773e-12,1.87516073513667e-12
1.72212808167591e-12,1.8704817700607e-12
1.72249293568204e-12,1.86576405817218e-12
1.72281145121172e-12,1.8610090558828e-12
1.72308367403025e-12,1.85621823025264e-12
1.72330966156209e-12,1.85139305845514e-12
1.72348948285512e-12,1.84653502723713e-12
1.72362321853977e-12,1.84164563237451e-12
1.72371096078308e-12,1.83672637812358e-12
1.72375281323762e-12,1.83177877666845e-12
1.72374889098544e-12,1.82680434756484e-12
1.72369932047688e-12,1.82180461718041e-12
1.72360423946446e-12,1.81678111813223e-12
1.7234637969318e-12,1.81173538872126e-12
1.72327815301755e-12,1.80666897236454e-12
1.72304747893453e-12,1.80158341702517e-12
1.72277195688396e-12,1.79648027464045e-12
1.72245177996486e-12,1.79136110054846e-12
1.72208715207884e-12,1.78622745291347e-12
1.72167828783001e-12,1.78108089215038e-12
1.72122541242041e-12,1.7759229803486e-12
1.72072876154072e-12,1.7707552806956e-12
1.72018858125651e-12,1.76557935690053e-12
1.71960512789007e-12,1.76039677261814e-12
1.71897866789768e-12,1.75520909087337e-12
1.71830947774274e-12,1.75001787348691e-12
1.71759784376447e-12,1.74482468050208e-12
1.71684406204253e-12,1.73963106961322e-12
1.71604843825741e-12,1.73443859559607e-12
1.71521128754692e-12,1.72924880974036e-12
1.71433293435859e-12,1.72406325928496e-12
1.71341371229823e-12,1.71888348685579e-12
1.7124539639747e-12,1.71371102990702e-12
1.71145404084098e-12,1.70854742016564e-12
1.71041430303155e-12,1.70339418307986e-12
1.70933511919631e-12,1.6982528372716e-12
1.70821686633104e-12,1.69312489399328e-12
1.70705992960446e-12,1.68801185658947e-12
1.70586470218205e-12,1.68291521996327e-12
1.70463158504682e-12,1.67783647004827e-12
1.70336098681685e-12,1.67277708328583e-12
1.70205332356e-12,1.66773852610835e-12
1.70070901860574e-12,1.66272225442867e-12
1.69932850235422e-12,1.65772971313592e-12
1.69791221208268e-12,1.652762335598e-12
1.69646059174937e-12,1.64782154317116e-12
1.69497409179502e-12,1.64290874471673e-12
1.69345316894202e-12,1.63802533612551e-12
1.69189828599136e-12,1.63317269984975e-12
1.69030991161751e-12,1.62835220444342e-12
1.6886885201613e-12,1.62356520411054e-12
1.687034591421e-12,1.61881303826221e-12
1.6853486104416e-12,1.6140970310824e-12
1.68363106730245e-12,1.60941849110277e-12
1.6818824569035e-12,1.60477871078666e-12
1.68010327875e-12,1.60017896612271e-12
1.67829403673606e-12,1.59562051622809e-12
1.676455238927e-12,1.5911046029617e-12
1.67458739734069e-12,1.58663245054745e-12
1.67269102772799e-12,1.58220526520793e-12
1.67076664935237e-12,1.57782423480859e-12
1.66881478476896e-12,1.57349052851258e-12
1.66683595960293e-12,1.56920529644665e-12
1.6648307023276e-12,1.56496966937789e-12
1.66279954404212e-12,1.56078475840196e-12
1.6607430182491e-12,1.55665165464255e-12
1.65866166063212e-12,1.55257142896251e-12
1.65655600883332e-12,1.54854513168661e-12
1.65442660223127e-12,1.54457379233625e-12
1.65227398171903e-12,1.54065841937602e-12
1.65009868948277e-12,1.53679999997249e-12
1.6479012687809e-12,1.53299949976518e-12
1.64568226372389e-12,1.52925786264982e-12
1.64344221905494e-12,1.52557601057411e-12
1.64118167993152e-12,1.521954843346e-12
1.63890119170798e-12,1.51839523845451e-12
1.63660129971936e-12,1.51489805090332e-12
1.63428254906643e-12,1.51146411305714e-12
1.63194548440215e-12,1.50809423450074e-12
1.62959064971968e-12,1.5047892019111e-12
1.62721858814197e-12,1.50154977894222e-12
1.62482984171312e-12,1.49837670612306e-12
1.62242495119159e-12,1.49527070076837e-12
1.62000445584542e-12,1.49223245690255e-12
1.61756889324942e-12,1.48926264519652e-12
1.61511879908465e-12,1.48636191291753e-12
1.61265470694018e-12,1.48353088389207e-12
1.61017714811717e-12,1.48077015848171e-12
1.60768665143553e-12,1.47808031357185e-12
1.60518374304317e-12,1.47546190257351e-12
1.60266894622788e-12,1.47291545543791e-12
1.60014278123215e-12,1.47044147868392e-12
1.59760576507067e-12,1.46804045543827e-12
1.5950584113511e-12,1.46571284548852e-12
1.59250123009765e-12,1.46345908534855e-12
1.58993472757804e-12,1.46127958833676e-12
1.58735940613353e-12,1.45917474466654e-12
1.58477576401249e-12,1.45714492154928e-12
1.58218429520729e-12,1.45519046330951e-12
1.57958548929463e-12,1.45331169151217e-12
1.57697983127965e-12,1.45150890510195e-12
1.57436780144351e-12,1.44978238055447e-12
1.57174987519486e-12,1.44813237203917e-12
1.56912652292498e-12,1.44655911159381e-12
1.56649820986692e-12,1.44506280931039e-12
1.5638653959585e-12,1.44364365353228e-12
1.56122853570938e-12,1.44230181106258e-12
1.55858807807212e-12,1.44103742738317e-12
1.55594446631746e-12,1.43985062688472e-12
1.55329813791367e-12,1.43874151310702e-12
1.55064952441025e-12,1.4377101689898e-12
1.5479990513258e-12,1.43675665713353e-12
1.54534713804034e-12,1.43588102007027e-12
1.54269419769185e-12,1.43508328054406e-12
1.5400406370774e-12,1.43436344180085e-12
1.53738685655856e-12,1.43372148788768e-12
1.53473324997142e-12,1.43315738396069e-12
1.53208020454106e-12,1.43267107660207e-12
1.52942810080061e-12,1.43226249414531e-12
1.52677731251485e-12,1.43193154700879e-12
1.5241282066084e-12,1.43167812803727e-12
1.52148114309856e-12,1.4315021128511e-12
1.51883647503278e-12,1.43140336020284e-12
1.51619454843068e-12,1.43138171234097e-12
1.51355570223088e-12,1.43143699538056e-12
1.51092026824239e-12,1.43156901968041e-12
1.50828857110064e-12,1.43177758022649e-12
1.5056609282283e-12,1.4320624570214e-12
1.50303764980064e-12,1.43242341547943e-12
1.50041903871558e-12,1.43286020682705e-12
1.49780539056848e-12,1.43337256850847e-12
1.49519699363145e-12,1.43396022459589e-12
1.49259412883733e-12,1.43462288620426e-12
1.48999706976831e-12,1.43536025191016e-12
1.48740608264908e-12,1.43617200817439e-12
1.48482142634462e-12,1.43705782976819e-12
1.48224335236244e-12,1.43801738020249e-12
1.47967210485936e-12,1.43905031216007e-12
1.47710792065281e-12,1.44015626793021e-12
1.47455102923651e-12,1.4413348798455e-12
1.47200165280054e-12,1.4425857707205e-12
1.46946000625588e-12,1.44390855429198e-12
1.46692629726309e-12,1.44530283566025e-12
1.46440072626538e-12,1.44676821173139e-12
1.4618834865259e-12,1.44830427166007e-12
1.45937476416914e-12,1.44991059729247e-12
1.45687473822641e-12,1.45158676360907e-12
1.4543835806855e-12,1.45333233916706e-12
1.45190145654419e-12,1.45514688654188e-12
