4.98998348236071e-13,7.39399605705094e-13
4.99710985627508e-13,7.42634229230435e-13
5.00423936155163e-13,7.45884755900879e-13
5.01137168561042e-13,7.49151291484669e-13
5.01850652143444e-13,7.52433941786706e-13
5.02564356784406e-13,7.55732812622615e-13
5.03278252977289e-13,7.59048009792343e-13
5.03992311854471e-13,7.62379639053339e-13
5.04706505215096e-13,7.65727806093294e-13
5.05420805552878e-13,7.69092616502474e-13
5.06135186083925e-13,7.72474175745666e-13
5.06849620774548e-13,7.75872589133721e-13
5.07564084369017e-13,7.79287961794732e-13
5.08278552417276e-13,7.82720398644885e-13
5.08993001302521e-13,7.86170004358924e-13
5.09707408268681e-13,7.89636883340341e-13
5.10421751447726e-13,7.9312113969123e-13
5.11136009886792e-13,7.96622877181886e-13
5.11850163575073e-13,8.00142199220088e-13
5.125641934705e-13,8.03679208820185e-13
5.13278081526107e-13,8.07234008571918e-13
5.13991810716115e-13,8.10806700609037e-13
5.14705365061669e-13,8.14397386577724e-13
5.15418729656218e-13,8.18006167604856e-13
5.16131890690499e-13,8.21633144266098e-13
5.16844835477104e-13,8.25278416553885e-13
5.17557552474586e-13,8.28942083845271e-13
5.18270031311109e-13,8.32624244869715e-13
5.1898226280757e-13,8.36324997676786e-13
5.19694239000207e-13,8.40044439603818e-13
5.2040595316264e-13,8.43782667243556e-13
5.21117399827335e-13,8.47539776411804e-13
5.21828574806451e-13,8.51315862115072e-13
5.22539475212057e-13,8.55111018518303e-13
5.23250099475696e-13,8.58925338912638e-13
5.2396044736726e-13,8.62758915683286e-13
5.24670520013154e-13,8.66611840277509e-13
5.25380319913763e-13,8.70484203172742e-13
5.26089850960129e-13,8.74376093844871e-13
5.26799118449892e-13,8.78287600736689e-13
5.27508129102438e-13,8.8221881122658e-13
5.28216891073222e-13,8.86169811597404e-13
5.28925413967291e-13,8.9014068700565e-13
5.2963370885195e-13,8.94131521450859e-13
5.30341788268571e-13,8.98142397745344e-13
5.31049666243545e-13,9.02173397484233e-13
5.31757358298328e-13,9.06224601015848e-13
5.32464881458599e-13,9.10296087412431e-13
5.33172254262508e-13,9.14387934441305e-13
5.33879496767996e-13,9.18500218536366e-13
5.34586630559184e-13,9.22633014770063e-13
5.3529367875184e-13,9.26786396825798e-13
5.36000665997864e-13,9.30960436970785e-13
5.3670761848886e-13,9.35155206029417e-13
5.37414563958715e-13,9.39370773357104e-13
5.38121531685239e-13,9.43607206814668e-13
5.38828552490833e-13,9.47864572743257e-13
5.39535658742186e-13,9.52142935939824e-13
5.40242884349015e-13,9.56442359633177e-13
5.40950264761831e-13,9.60762905460614e-13
5.41657836968751e-13,9.65104633445176e-13
5.42365639491344e-13,9.69467601973516e-13
5.43073712379523e-13,9.7385186777439e-13
5.43782097205499e-13,9.78257485897813e-13
5.44490837056776e-13,9.82684509694857e-13
5.45199976528229e-13,9.87132990798131e-13
5.45909561713255e-13,9.91602979102951e-13
5.46619640194008e-13,9.96094522749173e-13
5.47330261030742e-13,1.00060766810376e-12
5.48041474750256e-13,1.00514245974403e-12
5.48753333333491e-13,1.00969894044163e-12
5.49465890202241e-13,1.01427715114727e-12
5.5017920020505e-13,1.0188771309761e-12
5.50893319602276e-13,1.02349891719388e-12
5.51608306050366e-13,1.0281425452039e-12
5.52324218585335e-13,1.0328080485346e-12
5.53041117605498e-13,1.0374954588279e-12
5.53759064853463e-13,1.04220480582838e-12
5.54478123397409e-13,1.04693611737306e-12
5.55198357611681e-13,1.05168941938205e-12
5.55919833156713e-13,1.05646473584978e-12
5.56642616958335e-13,1.06126208883715e-12
5.57366777186445e-13,1.06608149846423e-12
5.58092383233129e-13,1.07092298290377e-12
5.58819505690207e-13,1.07578655837541e-12
5.59548216326281e-13,1.08067223914059e-12
5.60278588063273e-13,1.08558003749813e-12
5.61010694952521e-13,1.09050996378054e-12
5.61744612150446e-13,1.09546202635093e-12
5.62480415893823e-13,1.10043623160068e-12
5.63218183474697e-13,1.10543258394764e-12
5.63957993214975e-13,1.11045108583508e-12
5.64699924440729e-13,1.11549173773111e-12
5.65444057456243e-13,1.12055453812887e-12
5.66190473517845e-13,1.12563948354715e-12
5.66939254807552e-13,1.13074656853162e-12
5.67690484406577e-13,1.13587578565664e-12
5.68444246268717e-13,1.14102712552756e-12
5.69200625193672e-13,1.14620057678347e-12
5.69959706800337e-13,1.15139612610051e-12
5.70721577500091e-13,1.15661375819555e-12
5.71486324470109e-13,1.16185345583034e-12
5.7225403562678e-13,1.16711519981606e-12
5.73024799599224e-13,1.17239896901821e-12
5.7379870570295e-13,1.17770474036187e-12
5.74575843913726e-13,1.18303248883726e-12
5.75356304841645e-13,1.18838218750558e-12
5.7614017970548e-13,1.19375380750517e-12
5.76927560307322e-13,1.19914731805778e-12
5.77718539007547e-13,1.20456268647513e-12
5.78513208700163e-13,1.20999987816558e-12
5.79311662788559e-13,1.21545885664098e-12
5.80113995161682e-13,1.22093958352354e-12
5.80920300170697e-13,1.22644201855284e-12
5.81730672606141e-13,1.23196611959281e-12
5.82545207675632e-13,1.23751184263873e-12
5.83364000982119e-13,1.24307914182419e-12
5.84187148502758e-13,1.24866796942794e-12
5.85014746568396e-13,1.25427827588066e-12
5.85846891843736e-13,1.2599100097716e-12
5.8668368130816e-13,1.26556311785497e-12
5.87525212237281e-13,1.27123754505612e-12
5.88371582185238e-13,1.27693323447753e-12
5.89222888967738e-13,1.28265012740444e-12
5.90079230645889e-13,1.28838816331013e-12
5.90940705510861e-13,1.29414727986093e-12
5.91807412069333e-13,1.29992741292068e-12
5.92679449029834e-13,1.30572849655489e-12
5.93556915289918e-13,1.31155046303433e-12
5.94439909924236e-13,1.31739324283818e-12
5.95328532173505e-13,1.32325676465649e-12
5.96222881434381e-13,1.32914095539228e-12
5.97123057250263e-13,1.33504574016283e-12
5.98029159303023e-13,1.3409710423004e-12
5.98941287405688e-13,1.34691678335225e-12
5.99859541496061e-13,1.35288288307998e-12
6.007840216313e-13,1.35886925945804e-12
6.01714827983457e-13,1.36487582867157e-12
6.02652060835976e-13,1.37090250511331e-12
6.03595820581153e-13,1.37694920137979e-12
6.04546207718541e-13,1.38301582826656e-12
6.05503322854333e-13,1.38910229476258e-12
6.06467266701667e-13,1.39520850804367e-12
6.07438140081898e-13,1.40133437346503e-12
6.08416043926784e-13,1.40747979455276e-12
6.09401079281595e-13,1.41364467299446e-12
6.1039334730914e-13,1.41982890862869e-12
6.11392949294675e-13,1.42603239943359e-12
6.12399986651696e-13,1.43225504151425e-12
6.1341456092858e-13,1.43849672908917e-12
6.14436773816067e-13,1.44475735447555e-12
6.15466727155556e-13,1.45103680807355e-12
6.16504522948189e-13,1.45733497834939e-12
6.17550263364685e-13,1.46365175181738e-12
6.18604050755925e-13,1.46998701302081e-12
6.19665987664228e-13,1.47634064451172e-12
6.20736176835297e-13,1.48271252682955e-12
6.21814721230805e-13,1.48910253847861e-12
6.22901724041576e-13,1.49551055590453e-12
6.23997288701329e-13,1.50193645346943e-12
6.25101518900942e-13,1.5083801034261e-12
6.262145186032e-13,1.51484137589098e-12
6.27336392057975e-13,1.52132013881606e-12
6.28467243817791e-13,1.5278162579597e-12
6.29607178753754e-13,1.53432959685631e-12
6.30756302071747e-13,1.54086001678506e-12
6.31914719328908e-13,1.54740737673742e-12
6.33082536450264e-13,1.55397153338376e-12
6.3425985974553e-13,1.56055234103891e-12
6.35446795925996e-13,1.56714965162675e-12
6.36643452121426e-13,1.57376331464386e-12
6.37849935896945e-13,1.58039317712217e-12
6.39066355269836e-13,1.58703908359086e-12
6.40292818726187e-13,1.5937008760373e-12
6.41529435237342e-13,1.60037839386719e-12
6.42776314276065e-13,1.60707147386396e-12
6.44033565832391e-13,1.61377995014744e-12
6.45301300429064e-13,1.62050365413179e-12
6.46579629136523e-13,1.62724241448288e-12
6.47868663587348e-13,1.63399605707501e-12
6.49168515990126e-13,1.64076440494712e-12
6.50479299142646e-13,1.64754727825859e-12
6.51801126444353e-13,1.6543444942445e-12
6.53134111908022e-13,1.66115586717068e-12
6.5447837017054e-13,1.66798120828833e-12
6.55834016502777e-13,1.67482032578857e-12
6.57201166818408e-13,1.68167302475664e-12
6.58579937681708e-13,1.68853910712624e-12
6.5997044631414e-13,1.69541837163369e-12
6.61372810599774e-13,1.70231061377226e-12
6.62787149089381e-13,1.70921562574656e-12
6.64213581003187e-13,1.71613319642725e-12
6.65652226232186e-13,1.72306311130601e-12
6.67103205337955e-13,1.7300051524509e-12
6.68566639550908e-13,1.73695909846222e-12
6.70042650766906e-13,1.74392472442898e-12
6.71531361542163e-13,1.750901801886e-12
6.73032895086378e-13,1.7578900987717e-12
6.7454737525403e-13,1.76488937938692e-12
6.7607492653377e-13,1.77189940435455e-12
6.77615674035853e-13,1.77891993058028e-12
6.79169743477507e-13,1.78595071121442e-12
6.80737261166249e-13,1.79299149561518e-12
6.82318353981016e-13,1.80004202931304e-12
6.83913149351096e-13,1.80710205397682e-12
6.85521775232779e-13,1.81417130738119e-12
6.87144360083682e-13,1.82124952337596e-12
6.88781032834699e-13,1.82833643185705e-12
6.90431922859494e-13,1.83543175873951e-12
6.92097159941534e-13,1.84253522593241e-12
6.9377687423856e-13,1.84964655131599e-12
6.95471196244496e-13,1.85676544872099e-12
6.97180256748713e-13,1.86389162791031e-12
6.98904186792644e-13,1.87102479456325e-12
7.00643117623662e-13,1.87816465026221e-12
7.02397180646226e-13,1.8853108924822e-12
7.04166507370259e-13,1.89246321458313e-12
7.05951229356675e-13,1.89962130580499e-12
7.07751478160088e-13,1.90678485126622e-12
7.09567385268636e-13,1.91395353196506e-12
7.11399082040928e-13,1.92112702478436e-12
7.13246699640034e-13,1.92830500249967e-12
7.1511036896459e-13,1.9354871337909e-12
7.16990220576907e-13,1.94267308325761e-12
7.18886384628142e-13,1.949862511438e-12
7.20798990780496e-13,1.95705507483176e-12
7.22728168126422e-13,1.96425042592694e-12
7.24674045104869e-13,1.97144821323083e-12
7.26636749414531e-13,1.978648081305e-12
7.28616407924144e-13,1.98584967080471e-12
7.30613146579798e-13,1.99305261852264e-12
7.32627090309312e-13,2.00025655743713e-12
7.34658362923649e-13,2.00746111676503e-12
7.36707087015445e-13,2.01466592201919e-12
7.38773383854607e-13,2.02187059507083e-12
7.40857373281075e-13,2.02907475421667e-12
7.42959173594708e-13,2.03627801425116e-12
7.45078901442409e-13,2.04347998654364e-12
7.47216671702441e-13,2.05068027912077e-12
7.49372597366042e-13,2.05787849675409e-12
7.51546789416355e-13,2.06507424105292e-12
7.53739356704731e-13,2.07226711056267e-12
7.55950405824442e-13,2.07945670086854e-12
7.58180040981886e-13,2.08664260470481e-12
7.60428363865341e-13,2.09382441206965e-12
7.62695473511301e-13,2.10100171034564e-12
7.64981466168505e-13,2.10817408442593e-12
7.67286435159723e-13,2.1153411168462e-12
7.69610470741335e-13,2.12250238792241e-12
7.71953659960849e-13,2.12965747589437e-12
7.74316086512392e-13,2.13680595707523e-12
7.76697830590267e-13,2.14394740600686e-12
7.79098968740708e-13,2.15108139562117e-12
7.81519573711878e-13,2.15820749740746e-12
7.83959714302226e-13,2.16532528158564e-12
7.86419455207338e-13,2.17243431728559e-12
7.88898856865328e-13,2.17953417273239e-12
7.91397975300927e-13,2.18662441543768e-12
7.93916861968381e-13,2.19370461239699e-12
7.96455563593221e-13,2.20077433029294e-12
7.99014122013114e-13,2.20783313570465e-12
8.01592574017827e-13,2.21488059532295e-12
8.04190951188502e-13,2.22191627617157e-12
8.06809279736329e-13,2.22893974583419e-12
8.09447580340752e-13,2.23595057268744e-12
8.12105867987379e-13,2.24294832613962e-12
8.14784151805688e-13,2.24993257687528e-12
8.17482434906684e-13,2.25690289710535e-12
8.20200714220692e-13,2.26385886082311e-12
8.22938980335351e-13,2.27080004406556e-12
8.25697217334035e-13,2.27772602518032e-12
8.284754026348e-13,2.28463638509804e-12
8.31273506830053e-13,2.29153070760996e-12
8.34091493527028e-13,2.29840857965077e-12
8.36929319189329e-13,2.30526959158656e-12
8.39786932979597e-13,2.31211333750781e-12
8.42664276603518e-13,2.31893941552719e-12
8.45561284155319e-13,2.3257474280821e-12
8.48477881964923e-13,2.33253698224192e-12
8.51413988446905e-13,2.33930769001965e-12
8.54369513951443e-13,2.34605916868792e-12
8.57344360617399e-13,2.35279104109918e-12
8.60338422227742e-13,2.35950293600992e-12
8.63351584067409e-13,2.36619448840864e-12
8.66383722783866e-13,2.3728653398477e-12
8.69434706250435e-13,2.37951513877848e-12
8.72504393432649e-13,2.38614354088992e-12
8.75592634257736e-13,2.39275020945024e-12
8.7869926948743e-13,2.39933481565148e-12
8.81824130594279e-13,2.40589703895679e-12
8.84967039641592e-13,2.41243656745025e-12
8.8812780916724e-13,2.41895309818896e-12
8.91306242071414e-13,2.42544633755718e-12
8.94502131508561e-13,2.43191600162226e-12
8.97715260783612e-13,2.43836181649223e-12
9.00945403252722e-13,2.44478351867472e-12
9.0419232222862e-13,2.45118085543689e-12
9.07455770890778e-13,2.45755358516641e-12
9.10735492200523e-13,2.46390147773278e-12
9.14031218821277e-13,2.47022431484917e-12
