1.51338377302042e-12,1.53041419598204e-12
1.51392118954705e-12,1.53429837143008e-12
1.514455815662e-12,1.53818883486123e-12
1.51498765116395e-12,1.54208557652679e-12
1.51551669584338e-12,1.54598858643799e-12
1.51604294948237e-12,1.54989785436423e-12
1.51656641185454e-12,1.55381336983143e-12
1.5170870827249e-12,1.55773512212032e-12
1.51760496184979e-12,1.56166310026471e-12
1.51812004897668e-12,1.56559729304983e-12
1.51863234384416e-12,1.56953768901062e-12
1.51914184618173e-12,1.57348427643001e-12
1.51964855570976e-12,1.57743704333722e-12
1.52015247213938e-12,1.5813959775061e-12
1.52065359517232e-12,1.58536106645334e-12
1.52115192450085e-12,1.58933229743686e-12
1.52164745980765e-12,1.59330965745405e-12
1.52214020076575e-12,1.59729313324008e-12
1.52263014703834e-12,1.60128271126619e-12
1.52311729827876e-12,1.60527837773799e-12
1.52360165413036e-12,1.60928011859376e-12
1.52408321422637e-12,1.61328791950273e-12
1.52456197818985e-12,1.6173017658634e-12
1.52503794563357e-12,1.62132164280181e-12
1.52551111615993e-12,1.62534753516983e-12
1.52598148936082e-12,1.62937942754349e-12
1.52644906481757e-12,1.63341730422127e-12
1.52691384210085e-12,1.63746114922236e-12
1.52737582077055e-12,1.64151094628499e-12
1.52783500037573e-12,1.64556667886471e-12
1.5282913804545e-12,1.64962833013272e-12
1.52874496053392e-12,1.65369588297413e-12
1.52919574012995e-12,1.65776931998628e-12
1.52964371874734e-12,1.66184862347705e-12
1.53008889587953e-12,1.66593377546312e-12
1.53053127100862e-12,1.67002475766836e-12
1.53097084360521e-12,1.67412155152201e-12
1.53140761312838e-12,1.67822413815711e-12
1.53184157902557e-12,1.68233249840873e-12
1.53227274073252e-12,1.68644661281228e-12
1.53270109767319e-12,1.69056646160188e-12
1.53312664925967e-12,1.69469202470859e-12
1.53354939489212e-12,1.69882328175879e-12
1.53396933395868e-12,1.70296021207245e-12
1.53438646583539e-12,1.70710279466149e-12
1.53480078988614e-12,1.71125100822803e-12
1.53521230546258e-12,1.71540483116279e-12
1.53562101190405e-12,1.71956424154337e-12
1.53602690853751e-12,1.72372921713255e-12
1.53642999467748e-12,1.72789973537669e-12
1.53683026962597e-12,1.73207577340395e-12
1.53722773267239e-12,1.73625730802277e-12
1.53762238309353e-12,1.74044431572005e-12
1.53801422015345e-12,1.74463677265956e-12
1.53840324310344e-12,1.74883465468031e-12
1.53878945118195e-12,1.75303793729482e-12
1.53917284361454e-12,1.75724659568751e-12
1.53955341961382e-12,1.76146060471303e-12
1.53993117837936e-12,1.76567993889462e-12
1.54030611909768e-12,1.76990457242243e-12
1.54067824094215e-12,1.77413447915193e-12
1.54104754307298e-12,1.77836963260224e-12
1.54141402463711e-12,1.78261000595446e-12
1.54177768476822e-12,1.7868555720501e-12
1.54213852258663e-12,1.79110630338938e-12
1.54249653719926e-12,1.79536217212966e-12
1.54285172769959e-12,1.7996231500838e-12
1.54320409316761e-12,1.8038892087185e-12
1.54355363266979e-12,1.80816031915272e-12
1.54390034525896e-12,1.81243645215608e-12
1.54424422997439e-12,1.8167175781472e-12
1.54458528584162e-12,1.82100366719215e-12
1.54492351187251e-12,1.8252946890028e-12
1.54525890706513e-12,1.82959061293525e-12
1.54559147040377e-12,1.83389140798822e-12
1.54592120085889e-12,1.83819704280149e-12
1.54624809738706e-12,1.84250748565428e-12
1.54657215893094e-12,1.84682270446368e-12
1.54689338441925e-12,1.85114266678308e-12
1.54721177276673e-12,1.8554673398006e-12
1.54752732287409e-12,1.85979669033752e-12
1.54784003362799e-12,1.8641306848467e-12
1.54814990390105e-12,1.86846928941106e-12
1.54845693255172e-12,1.87281246974197e-12
1.54876111842437e-12,1.87716019117779e-12
1.54906246034918e-12,1.88151241868223e-12
1.54936095714212e-12,1.88586911684288e-12
1.54965660760498e-12,1.89023024986963e-12
1.54994941052529e-12,1.8945957815932e-12
1.55023936467631e-12,1.89896567546355e-12
1.55052646881703e-12,1.90333989454844e-12
1.55081072169212e-12,1.90771840153184e-12
1.55109212203194e-12,1.91210115871249e-12
1.55137066855249e-12,1.91648812800235e-12
1.55164635995541e-12,1.92087927092515e-12
1.55191919492798e-12,1.92527454861486e-12
1.55218917214306e-12,1.92967392181426e-12
1.55245629025913e-12,1.93407735087341e-12
1.55272054792022e-12,1.9384847957482e-12
1.55298194375596e-12,1.94289621599891e-12
1.55324047638153e-12,1.94731157078872e-12
1.55349614439764e-12,1.95173081888226e-12
1.55374894639057e-12,1.95615391864421e-12
1.5539988809321e-12,1.96058082803779e-12
1.55424594657958e-12,1.96501150462339e-12
1.55449014187584e-12,1.9694459055571e-12
1.55473146534926e-12,1.97388398758934e-12
1.55496991551371e-12,1.9783257070634e-12
1.55520549086861e-12,1.98277101991407e-12
1.55543818989887e-12,1.98721988166621e-12
1.55566801107491e-12,1.9916722474334e-12
1.55589495285269e-12,1.99612807191652e-12
1.55611901367366e-12,2.00058730940239e-12
1.55634019196482e-12,2.00504991376239e-12
1.5565584861387e-12,2.00951583845114e-12
1.55677389459334e-12,2.01398503650507e-12
1.55698641571235e-12,2.01845746054114e-12
1.55719604786488e-12,2.02293306275548e-12
1.55740278940562e-12,2.02741179492205e-12
1.55760663867488e-12,2.03189360839132e-12
1.5578075939985e-12,2.03637845408893e-12
1.55800565368796e-12,2.04086628251447e-12
1.55820081604031e-12,2.04535704374006e-12
1.55839307933825e-12,2.04985068740915e-12
1.55858244185012e-12,2.05434716273518e-12
1.55876890182992e-12,2.05884641850034e-12
1.55895245751729e-12,2.06334840305429e-12
1.55913310713762e-12,2.06785306431289e-12
1.55931084890197e-12,2.07236034975697e-12
1.55948568100715e-12,2.07687020643108e-12
1.55965760163576e-12,2.08138258094225e-12
1.55982660895613e-12,2.08589741945878e-12
1.55999270112242e-12,2.090414667709e-12
1.56015587627464e-12,2.09493427098008e-12
1.56031613253863e-12,2.09945617411685e-12
1.56047346802614e-12,2.10398032152058e-12
1.56062788083482e-12,2.10850665714781e-12
1.56077936904827e-12,2.11303512450918e-12
1.56092793073607e-12,2.11756566666827e-12
1.56107356395379e-12,2.12209822624047e-12
1.56121626674308e-12,2.12663274539178e-12
1.56135603713161e-12,2.13116916583775e-12
1.5614928731332e-12,2.13570742884227e-12
1.56162677274781e-12,2.14024747521657e-12
1.56175773396155e-12,2.14478924531799e-12
1.5618857547468e-12,2.14933267904899e-12
1.56201083306217e-12,2.15387771585601e-12
1.56213296685255e-12,2.15842429472838e-12
1.56225215404921e-12,2.16297235419733e-12
1.56236839256978e-12,2.16752183233485e-12
1.5624816803183e-12,2.17207266675271e-12
1.56259201518531e-12,2.17662479460139e-12
1.56269939504784e-12,2.18117815256907e-12
1.5628038177695e-12,2.1857326768806e-12
1.56290528120047e-12,2.19028830329653e-12
1.56300378317763e-12,2.19484496711211e-12
1.56309932152451e-12,2.19940260315626e-12
1.56319189405145e-12,2.20396114579066e-12
1.56328149855554e-12,2.20852052890877e-12
1.56336813282075e-12,2.21308068593488e-12
1.56345179461797e-12,2.21764154982315e-12
1.56353248170502e-12,2.22220305305673e-12
1.56361019182675e-12,2.22676512764678e-12
1.56368492271509e-12,2.23132770513164e-12
1.56375667208908e-12,2.23589071657589e-12
1.56382543765496e-12,2.24045409256947e-12
1.56389121710619e-12,2.2450177632268e-12
1.56395400812357e-12,2.24958165818598e-12
1.56401380837522e-12,2.25414570660786e-12
1.56407061551671e-12,2.25870983717525e-12
1.56412442719108e-12,2.26327397809211e-12
1.56417524102894e-12,2.26783805708269e-12
1.56422305464849e-12,2.27240200139079e-12
1.5642678656556e-12,2.2769657377789e-12
1.56430967164393e-12,2.28152919252749e-12
1.56434847019487e-12,2.2860922914342e-12
1.56438425887777e-12,2.29065495981312e-12
1.56441703524986e-12,2.29521712249402e-12
1.56444679685643e-12,2.29977870382165e-12
1.56447354123082e-12,2.304339627655e-12
1.56449726589453e-12,2.30889981736663e-12
1.56451796835732e-12,2.31345919584195e-12
1.5645356461172e-12,2.31801768547854e-12
1.56455029666058e-12,2.32257520818552e-12
1.56456191746233e-12,2.32713168538287e-12
1.56457050598581e-12,2.33168703800079e-12
1.564576059683e-12,2.3362411864791e-12
1.56457857599455e-12,2.3407940507666e-12
1.56457805234987e-12,2.34534555032047e-12
1.5645744861672e-12,2.34989560410571e-12
1.56456787485368e-12,2.35444413059455e-12
1.56455821580546e-12,2.3589910477659e-12
1.56454550640775e-12,2.36353627310478e-12
1.56452974403493e-12,2.3680797236018e-12
1.56451092605061e-12,2.37262131575268e-12
1.56448904980772e-12,2.37716096555766e-12
1.56446411264859e-12,2.3816985885211e-12
1.56443611190508e-12,2.38623409965094e-12
1.56440504489858e-12,2.39076741345826e-12
1.56437090894017e-12,2.39529844395684e-12
1.5643337013307e-12,2.39982710466272e-12
1.56429341936082e-12,2.40435330859374e-12
1.56425006031115e-12,2.4088769682692e-12
1.56420362145231e-12,2.4133979957094e-12
1.56415410004504e-12,2.41791630243534e-12
1.56410149334029e-12,2.42243179946827e-12
1.5640457985793e-12,2.4269443973294e-12
1.56398701299371e-12,2.43145400603958e-12
1.56392513380563e-12,2.4359605351189e-12
1.56386015822776e-12,2.44046389358649e-12
1.56379208346348e-12,2.44496398996012e-12
1.56372090670693e-12,2.44946073225604e-12
1.56364662514313e-12,2.45395402798862e-12
1.56356923594807e-12,2.4584437841702e-12
1.5634887362888e-12,2.46292990731077e-12
1.56340512332352e-12,2.46741230341782e-12
1.56331839420172e-12,2.47189087799613e-12
1.56322854606427e-12,2.47636553604757e-12
1.56313557604347e-12,2.48083618207096e-12
1.56303948126322e-12,2.4853027200619e-12
1.5629402588391e-12,2.48976505351263e-12
1.56283790587843e-12,2.49422308541194e-12
1.56273241948047e-12,2.49867671824506e-12
1.56262379673643e-12,2.50312585399355e-12
1.56251203472963e-12,2.50757039413524e-12
1.5623971305356e-12,2.5120102396442e-12
1.56227908122217e-12,2.51644529099069e-12
1.5621578838496e-12,2.52087544814112e-12
1.56203353547066e-12,2.52530061055807e-12
1.56190603313079e-12,2.5297206772003e-12
1.56177537386815e-12,2.53413554652278e-12
1.5616415547138e-12,2.53854511647672e-12
1.56150457269172e-12,2.54294928450966e-12
1.56136442481903e-12,2.54734794756553e-12
1.56122110810601e-12,2.55174100208476e-12
1.56107461955629e-12,2.5561283440044e-12
1.5609249561669e-12,2.56050986875825e-12
1.56077211492843e-12,2.56488547127699e-12
1.56061609282514e-12,2.56925504598838e-12
1.56045688683505e-12,2.57361848681744e-12
1.56029449393009e-12,2.57797568718663e-12
1.56012891107622e-12,2.5823265400161e-12
1.55996013523351e-12,2.58667093772394e-12
1.5597881633563e-12,2.59100877222638e-12
1.5596129923933e-12,2.59533993493814e-12
1.55943461928773e-12,2.59966431677267e-12
1.55925304097741e-12,2.60398180814252e-12
1.55906825439494e-12,2.60829229895961e-12
1.55888025646775e-12,2.61259567863562e-12
1.55868904411827e-12,2.61689183608235e-12
1.55849461426408e-12,2.62118065971214e-12
1.55829696381795e-12,2.62546203743821e-12
1.55809608968806e-12,2.62973585667516e-12
1.55789198877807e-12,2.63400200433938e-12
1.55768465798727e-12,2.63826036684953e-12
1.55747409421068e-12,2.642510830127e-12
1.55726029433925e-12,2.64675327959648e-12
1.5570432552599e-12,2.6509876001864e-12
1.55682297385571e-12,2.65521367632955e-12
1.55659944700603e-12,2.65943139196363e-12
1.55637267158663e-12,2.6636406305318e-12
1.55614264446981e-12,2.66784127498334e-12
1.55590936252453e-12,2.67203320777422e-12
1.55567282261659e-12,2.67621631086783e-12
1.55543302160871e-12,2.68039046573555e-12
1.55518995636068e-12,2.68455555335753e-12
1.55494362372954e-12,2.68871145422337e-12
1.55469402056966e-12,2.69285804833282e-12
1.5544411437329e-12,2.69699521519659e-12
1.55418499006874e-12,2.70112283383707e-12
1.55392555642447e-12,2.70524078278921e-12
1.55366283964523e-12,2.70934894010123e-12
1.55339683657427e-12,2.71344718333558e-12
1.55312754405299e-12,2.71753538956971e-12
1.55285495892114e-12,2.72161343539699e-12
1.55257907801694e-12,2.72568119692764e-12
1.55229989817724e-12,2.72973854978964e-12
1.55201741623764e-12,2.73378536912969e-12
1.55173162903268e-12,2.73782152961417e-12
1.55144253339593e-12,2.74184690543019e-12
1.55115012616018e-12,2.74586137028656e-12
1.55085440415755e-12,2.74986479741486e-12
1.5505553642197e-12,2.75385705957055e-12
1.5502530031779e-12,2.75783802903397e-12
1.54994731786324e-12,2.76180757761155e-12
1.54963830510674e-12,2.7657655766369e-12
1.54932596173956e-12,2.76971189697206e-12
1.54901028459308e-12,2.77364640900854e-12
1.54869127049909e-12,2.77756898266871e-12
1.54836891628996e-12,2.78147948740689e-12
1.54804321879876e-12,2.78537779221077e-12
1.54771417485944e-12,2.78926376560255e-12
1.54738178130696e-12,2.79313727564038e-12
1.5470460349775e-12,2.7969981899196e-12
1.54670693270854e-12,2.80084637557424e-12
1.54636447133909e-12,2.80468169927826e-12
1.54601864770982e-12,2.80850402724712e-12
1.54566945866321e-12,2.8123132252391e-12
1.54531690104371e-12,2.8161091585569e-12
1.54496097169797e-12,2.81989169204905e-12
