1.50590566735378e-12,1.57345598061511e-12
1.50649631130763e-12,1.57708234689186e-12
1.5070838631992e-12,1.58071207051356e-12
1.50766832161725e-12,1.58434513362282e-12
1.50824968515543e-12,1.5879815181887e-12
1.50882795241211e-12,1.59162120600565e-12
1.50940312199036e-12,1.59526417869242e-12
1.50997519249788e-12,1.59891041769103e-12
1.51054416254691e-12,1.60255990426568e-12
1.5111100307542e-12,1.60621261950172e-12
1.5116727957409e-12,1.60986854430454e-12
1.51223245613253e-12,1.61352765939854e-12
1.51278901055892e-12,1.61718994532606e-12
1.5133424576541e-12,1.62085538244629e-12
1.51389279605629e-12,1.62452395093421e-12
1.51444002440778e-12,1.62819563077951e-12
1.51498414135494e-12,1.63187040178556e-12
1.51552514554808e-12,1.6355482435683e-12
1.51606303564144e-12,1.63922913555513e-12
1.5165978102931e-12,1.64291305698394e-12
1.51712946816495e-12,1.64659998690195e-12
1.51765800792258e-12,1.65028990416464e-12
1.51818342823528e-12,1.65398278743471e-12
1.51870572777593e-12,1.65767861518101e-12
1.51922490522097e-12,1.6613773656774e-12
1.51974095925031e-12,1.66507901700172e-12
1.52025388854731e-12,1.66878354703472e-12
1.5207636917987e-12,1.67249093345896e-12
1.52127036769454e-12,1.67620115375772e-12
1.52177391492812e-12,1.67991418521395e-12
1.52227433219595e-12,1.68363000490917e-12
1.5227716181977e-12,1.6873485897224e-12
1.52326577163611e-12,1.69106991632908e-12
1.52375679121696e-12,1.69479396119997e-12
1.52424467564902e-12,1.69852070060009e-12
1.52472942364399e-12,1.70225011058766e-12
1.52521103391643e-12,1.70598216701297e-12
1.52568950518375e-12,1.70971684551733e-12
1.52616483616609e-12,1.71345412153198e-12
1.52663702558633e-12,1.71719397027704e-12
1.52710607217002e-12,1.72093636676037e-12
1.52757197464531e-12,1.72468128577656e-12
1.52803473174293e-12,1.72842870190579e-12
1.52849434219611e-12,1.73217858951279e-12
1.52895080474055e-12,1.73593092274576e-12
1.52940411811437e-12,1.73968567553525e-12
1.52985428105806e-12,1.74344282159316e-12
1.53030129231442e-12,1.74720233441159e-12
1.53074515062852e-12,1.75096418726179e-12
1.53118585474768e-12,1.75472835319311e-12
1.53162340342137e-12,1.75849480503186e-12
1.53205779540121e-12,1.76226351538035e-12
1.53248902944091e-12,1.76603445661568e-12
1.53291710429623e-12,1.76980760088875e-12
1.5333420187249e-12,1.77358292012319e-12
1.53376377148665e-12,1.77736038601428e-12
1.53418236134309e-12,1.78113997002783e-12
1.53459778705772e-12,1.78492164339921e-12
1.53501004739586e-12,1.7887053771322e-12
1.53541914112463e-12,1.79249114199796e-12
1.53582506701287e-12,1.79627890853396e-12
1.53622782383117e-12,1.80006864704292e-12
1.53662741035176e-12,1.80386032759176e-12
1.5370238253485e-12,1.8076539200105e-12
1.53741706759684e-12,1.81144939389126e-12
1.53780713587379e-12,1.81524671858714e-12
1.53819402895787e-12,1.81904586321123e-12
1.53857774562909e-12,1.82284679663551e-12
1.53895828466888e-12,1.8266494874898e-12
1.53933564486008e-12,1.83045390416074e-12
1.53970982498692e-12,1.83426001479072e-12
1.54008082383496e-12,1.83806778727686e-12
1.54044864019105e-12,1.8418771892699e-12
1.54081327284331e-12,1.84568818817325e-12
1.5411747205811e-12,1.84950075114189e-12
1.541532982195e-12,1.85331484508133e-12
1.54188805647674e-12,1.85713043664661e-12
1.54223994221919e-12,1.86094749224125e-12
1.54258863821635e-12,1.86476597801621e-12
1.5429341432633e-12,1.86858585986887e-12
1.54327645615613e-12,1.87240710344202e-12
1.54361557569201e-12,1.8762296741228e-12
1.54395150066907e-12,1.88005353704173e-12
1.5442842298864e-12,1.88387865707162e-12
1.54461376214407e-12,1.88770499882665e-12
1.54494009624301e-12,1.89153252666128e-12
1.54526323098508e-12,1.89536120466927e-12
1.54558316517299e-12,1.89919099668265e-12
1.54589989761026e-12,1.90302186627079e-12
1.54621342710126e-12,1.90685377673929e-12
1.54652375245114e-12,1.91068669112908e-12
1.5468308724658e-12,1.91452057221537e-12
1.54713478595191e-12,1.91835538250668e-12
1.54743549171684e-12,1.92219108424384e-12
1.54773298856867e-12,1.92602763939902e-12
1.54802727531617e-12,1.92986500967475e-12
1.54831835076876e-12,1.93370315650292e-12
1.5486062137365e-12,1.93754204104384e-12
1.54889086303009e-12,1.94138162418524e-12
1.5491722974608e-12,1.94522186654131e-12
1.54945051584054e-12,1.94906272845178e-12
1.54972551698175e-12,1.95290416998088e-12
1.54999729969742e-12,1.95674615091646e-12
1.55026586280112e-12,1.960588630769e-12
1.5505312051069e-12,1.96443156877067e-12
1.55079332542935e-12,1.96827492387441e-12
1.55105222258354e-12,1.97211865475296e-12
1.55130789538501e-12,1.97596271979793e-12
1.5515603426498e-12,1.9798070771189e-12
1.55180956319437e-12,1.98365168454245e-12
1.55205555583567e-12,1.98749649961129e-12
1.55229831939106e-12,1.9913414795833e-12
1.5525378526783e-12,1.99518658143062e-12
1.55277415451562e-12,1.9990317618388e-12
1.5530072237216e-12,2.00287697720582e-12
1.55323705911527e-12,2.00672218364125e-12
1.55346365951601e-12,2.01056733696532e-12
1.55368702374359e-12,2.01441239270804e-12
1.55390715061818e-12,2.01825730610836e-12
1.55412403896029e-12,2.02210203211323e-12
1.55433768759082e-12,2.02594652537675e-12
1.55454809533101e-12,2.02979074025934e-12
1.55475526100245e-12,2.0336346308268e-12
1.55495918342712e-12,2.03747815084954e-12
1.55515986142732e-12,2.04132125380166e-12
1.55535729382569e-12,2.04516389286017e-12
1.55555147944524e-12,2.04900602090406e-12
1.55574241710931e-12,2.05284759051356e-12
1.5559301056416e-12,2.05668855396926e-12
1.55611454386612e-12,2.06052886325129e-12
1.55629573060727e-12,2.06436847003851e-12
1.55647366468976e-12,2.06820732570771e-12
1.55664834493867e-12,2.07204538133278e-12
1.55681977017942e-12,2.07588258768394e-12
1.55698793923779e-12,2.07971889522692e-12
1.55715285093992e-12,2.0835542541222e-12
1.55731450411232e-12,2.08738861422421e-12
1.55747289758185e-12,2.09122192508055e-12
1.55762803017575e-12,2.09505413593126e-12
1.55777990072166e-12,2.09888519570803e-12
1.55792850804758e-12,2.10271505303343e-12
1.55807385098191e-12,2.1065436562202e-12
1.55821592835348e-12,2.1103709532705e-12
1.5583547389915e-12,2.11419689187516e-12
1.55849028172562e-12,2.11802141941297e-12
1.55862255538592e-12,2.12184448294994e-12
1.55875155880291e-12,2.12566602923861e-12
1.55887729080757e-12,2.12948600471733e-12
1.55899975023133e-12,2.13330435550959e-12
1.55911893590612e-12,2.13712102742328e-12
1.55923484666434e-12,2.14093596595003e-12
1.5593474813389e-12,2.14474911626456e-12
1.55945683876324e-12,2.14856042322396e-12
1.55956291777133e-12,2.15236983136709e-12
1.55966571719768e-12,2.15617728491386e-12
1.55976523587739e-12,2.15998272776465e-12
1.55986147264612e-12,2.16378610349962e-12
1.55995442634014e-12,2.16758735537809e-12
1.56004409579634e-12,2.17138642633797e-12
1.56013047985225e-12,2.17518325899508e-12
1.56021357734606e-12,2.17897779564256e-12
1.56029338711662e-12,2.18276997825031e-12
1.56036990800349e-12,2.18655974846436e-12
1.56044313884697e-12,2.1903470476063e-12
1.56051307848806e-12,2.19413181667274e-12
1.56057972576855e-12,2.19791399633468e-12
1.560643079531e-12,2.20169352693701e-12
1.56070313861881e-12,2.20547034849798e-12
1.56075990187618e-12,2.2092444007086e-12
1.56081336814818e-12,2.21301562293214e-12
1.56086353628078e-12,2.21678395420363e-12
1.56091040512084e-12,2.22054933322933e-12
1.56095397351617e-12,2.22431169838625e-12
1.56099424031554e-12,2.22807098772159e-12
1.56103120436872e-12,2.23182713895238e-12
1.56106486452648e-12,2.23558008946488e-12
1.56109521964067e-12,2.23932977631422e-12
1.56112226856419e-12,2.24307613622385e-12
1.56114601015109e-12,2.24681910558518e-12
1.56116644325651e-12,2.25055862045708e-12
1.56118356673681e-12,2.25429461656553e-12
1.56119737944954e-12,2.25802702930313e-12
1.56120788025348e-12,2.26175579372871e-12
1.56121506800867e-12,2.26548084456696e-12
1.5612189415765e-12,2.26920211620808e-12
1.56121949981966e-12,2.2729195427073e-12
1.56121674160222e-12,2.2766330577846e-12
1.56121066578969e-12,2.28034259482433e-12
1.56120127124899e-12,2.28404808687487e-12
1.56118855684855e-12,2.2877494666483e-12
1.56117252145832e-12,2.29144666652007e-12
1.56115316394981e-12,2.2951396185287e-12
1.56113048319611e-12,2.29882825437545e-12
1.56110447807198e-12,2.30251250542406e-12
1.56107514745384e-12,2.3061923027005e-12
1.56104249021983e-12,2.3098675768926e-12
1.56100650524987e-12,2.31353825834991e-12
1.56096719142567e-12,2.31720427708338e-12
1.56092454763077e-12,2.32086556276515e-12
1.56087857275062e-12,2.32452204472834e-12
1.56082926567261e-12,2.32817365196683e-12
1.56077662528609e-12,2.33182031313502e-12
1.56072065048243e-12,2.33546195654773e-12
1.56066134015507e-12,2.33909851017992e-12
1.56059869319957e-12,2.34272990166663e-12
1.56053270851365e-12,2.34635605830273e-12
1.56046338499723e-12,2.34997690704286e-12
1.56039072155249e-12,2.35359237450126e-12
1.56031471708391e-12,2.35720238695166e-12
1.56023537049833e-12,2.36080687032718e-12
1.56015268070498e-12,2.36440575022024e-12
1.56006664661556e-12,2.36799895188247e-12
1.55997726714425e-12,2.37158640022467e-12
1.55988454120781e-12,2.37516801981674e-12
1.55978846772559e-12,2.37874373488763e-12
1.55968904561959e-12,2.38231346932532e-12
1.55958627381456e-12,2.38587714667682e-12
1.55948015123799e-12,2.38943469014816e-12
1.55937067682018e-12,2.39298602260439e-12
1.55925784949433e-12,2.39653106656961e-12
1.55914166819656e-12,2.40006974422702e-12
1.55902213186597e-12,2.40360197741895e-12
1.55889923944474e-12,2.40712768764695e-12
1.5587729898781e-12,2.41064679607186e-12
1.55864338211447e-12,2.41415922351386e-12
1.55851041510549e-12,2.41766489045268e-12
1.55837408780607e-12,2.4211637170276e-12
1.55823439917446e-12,2.42465562303766e-12
1.55809134817229e-12,2.42814052794178e-12
1.55794493376468e-12,2.43161835085894e-12
1.55779515492024e-12,2.43508901056834e-12
1.5576420106112e-12,2.43855242550958e-12
1.55748549981338e-12,2.44200851378291e-12
1.55732562150634e-12,2.4454571931494e-12
1.55716237467343e-12,2.4488983810312e-12
1.55699575830179e-12,2.45233199451178e-12
1.5568257713825e-12,2.45575795033623e-12
1.55665241291058e-12,2.45917616491146e-12
1.55647568188511e-12,2.46258655430658e-12
1.55629557730923e-12,2.46598903425315e-12
1.55611209819029e-12,2.46938352014554e-12
1.55592524353984e-12,2.47276992704124e-12
1.55573501237375e-12,2.47614816966127e-12
1.55554140371227e-12,2.47951816239045e-12
1.55534441658007e-12,2.48287981927789e-12
1.55514405000634e-12,2.48623305403736e-12
1.55494030302486e-12,2.48957778004766e-12
1.55473317467406e-12,2.49291391035314e-12
1.5545226639971e-12,2.49624135766405e-12
1.55430877004192e-12,2.49956003435711e-12
1.55409149186137e-12,2.50286985247592e-12
1.5538708285132e-12,2.50617072373146e-12
1.55364677906021e-12,2.50946255950268e-12
1.55341934257029e-12,2.51274527083692e-12
1.55318851811651e-12,2.51601876845055e-12
1.55295430477715e-12,2.5192829627295e-12
1.55271670163585e-12,2.52253776372985e-12
1.55247570778165e-12,2.5257830811784e-12
1.55223132230903e-12,2.52901882447333e-12
1.55198354431808e-12,2.53224490268482e-12
1.5517323729145e-12,2.53546122455568e-12
1.55147780720969e-12,2.53866769850204e-12
1.55121984632086e-12,2.54186423261403e-12
1.55095848937112e-12,2.54505073465651e-12
1.5506937354895e-12,2.54822711206971e-12
1.55042558381109e-12,2.55139327197006e-12
1.5501540334771e-12,2.55454912115093e-12
1.54987908363494e-12,2.55769456608334e-12
1.54960073343833e-12,2.56082951291685e-12
1.54931898204733e-12,2.56395386748027e-12
1.54903382862848e-12,2.56706753528261e-12
1.54874527235487e-12,2.57017042151379e-12
1.54845331240621e-12,2.57326243104564e-12
1.54815794796894e-12,2.57634346843271e-12
1.54785917823627e-12,2.57941343791317e-12
1.54755700240834e-12,2.58247224340977e-12
1.54725141969226e-12,2.58551978853079e-12
1.54694242930221e-12,2.58855597657095e-12
1.54663003045952e-12,2.59158071051245e-12
1.54631422239278e-12,2.59459389302593e-12
1.54599500433792e-12,2.59759542647152e-12
1.54567237553831e-12,2.60058521289986e-12
1.54534633524484e-12,2.6035631540532e-12
1.545016882716e-12,2.60652915136641e-12
1.54468401721802e-12,2.60948310596814e-12
1.54434773802491e-12,2.61242491868191e-12
1.54400804441861e-12,2.6153544900273e-12
1.54366493568902e-12,2.61827172022104e-12
1.54331841113414e-12,2.62117650917826e-12
1.54296847006019e-12,2.62406875651362e-12
1.54261511178163e-12,2.62694836154264e-12
1.54225833562133e-12,2.62981522328283e-12
1.54189814091062e-12,2.63266924045503e-12
1.54153452698943e-12,2.63551031148468e-12
1.54116749320636e-12,2.63833833450313e-12
1.54079703891877e-12,2.64115320734893e-12
1.54042316349294e-12,2.64395482756927e-12
1.54004586630409e-12,2.64674309242128e-12
1.53966514673655e-12,2.64951789887344e-12
1.53928100418384e-12,2.65227914360704e-12
