3.4415466580591e-12,5.70470181814108e-12
3.4402696001884e-12,5.70136947667234e-12
3.43893424239108e-12,5.69789947996649e-12
3.4375407676955e-12,5.69429351978782e-12
3.43608936998894e-12,5.69055331831396e-12
3.4345802539358e-12,5.68668062754136e-12
3.43301363489181e-12,5.68267722867863e-12
3.43138973881416e-12,5.67854493152761e-12
3.42970880216763e-12,5.6742855738527e-12
3.42797107182685e-12,5.66990102073854e-12
3.42617680497465e-12,5.66539316393673e-12
3.42432626899662e-12,5.66076392120147e-12
3.42241974137187e-12,5.65601523561481e-12
3.42045750956019e-12,5.65114907490159e-12
3.41843987088549e-12,5.64616743073458e-12
3.41636713241567e-12,5.64107231803012e-12
3.4142396108391e-12,5.63586577423449e-12
3.41205763233754e-12,5.63054985860171e-12
3.40982153245576e-12,5.62512665146255e-12
3.40753165596791e-12,5.61959825348584e-12
3.40518835674057e-12,5.61396678493184e-12
3.40279199759274e-12,5.60823438489832e-12
3.40034295015275e-12,5.60240321055977e-12
3.39784159471212e-12,5.59647543640003e-12
3.39528832007661e-12,5.59045325343871e-12
3.39268352341438e-12,5.58433886845191e-12
3.39002761010135e-12,5.57813450318737e-12
3.387320993564e-12,5.57184239357497e-12
3.38456409511953e-12,5.56546478893229e-12
3.38175734381346e-12,5.55900395116621e-12
3.37890117625497e-12,5.55246215397071e-12
3.37599603644978e-12,5.54584168202125e-12
3.37304237563079e-12,5.53914483016613e-12
3.37004065208667e-12,5.53237390261549e-12
3.36699133098831e-12,5.52553121212804e-12
3.36389488421332e-12,5.5186190791961e-12
3.36075179016864e-12,5.51163983122926e-12
3.35756253361135e-12,5.50459580173733e-12
3.35432760546785e-12,5.49748932951261e-12
3.35104750265137e-12,5.49032275781216e-12
3.34772272787797e-12,5.48309843354051e-12
3.34435378948115e-12,5.475818706433e-12
3.34094120122515e-12,5.46848592824035e-12
3.337485482117e-12,5.46110245191482e-12
3.33398715621739e-12,5.45367063079833e-12
3.33044675245066e-12,5.44619281781308e-12
3.32686480441363e-12,5.43867136465481e-12
3.32324185018376e-12,5.43110862098942e-12
3.31957843212649e-12,5.42350693365318e-12
3.31587509670191e-12,5.41586864585689e-12
3.31213239427089e-12,5.40819609639451e-12
3.3083508789008e-12,5.40049161885663e-12
3.30453110817071e-12,5.39275754084897e-12
3.30067364297651e-12,5.38499618321675e-12
3.29677904733567e-12,5.37720985927467e-12
3.29284788819209e-12,5.36940087404364e-12
3.28888073522078e-12,5.36157152349378e-12
3.28487816063281e-12,5.35372409379498e-12
3.28084073898032e-12,5.34586086057451e-12
3.27676904696192e-12,5.3379840881827e-12
3.27266366322843e-12,5.33009602896668e-12
3.26852516818906e-12,5.3221989225527e-12
3.26435414381824e-12,5.31429499513727e-12
3.26015117346301e-12,5.30638645878749e-12
3.25591684165123e-12,5.29847551075106e-12
3.25165173390059e-12,5.29056433277586e-12
3.24735643652852e-12,5.28265509044012e-12
3.24303153646314e-12,5.27474993249263e-12
3.23867762105533e-12,5.26685099020419e-12
3.23429527789186e-12,5.25896037672975e-12
3.22988509460993e-12,5.25108018648233e-12
3.22544765871297e-12,5.24321249451831e-12
3.22098355738789e-12,5.23535935593485e-12
3.21649337732377e-12,5.22752280527943e-12
3.2119777045323e-12,5.21970485597203e-12
3.20743712416966e-12,5.21190749973978e-12
3.20287222036036e-12,5.20413270606489e-12
3.19828357602273e-12,5.19638242164563e-12
3.19367177269637e-12,5.18865856987075e-12
3.18903739037157e-12,5.1809630503077e-12
3.18438100732072e-12,5.17329773820447e-12
3.17970319993187e-12,5.16566448400595e-12
3.17500454254441e-12,5.15806511288402e-12
3.17028560728703e-12,5.15050142428256e-12
3.16554696391794e-12,5.14297519147682e-12
3.16078917966747e-12,5.13548816114766e-12
3.15601281908315e-12,5.12804205297085e-12
3.15121844387714e-12,5.12063855922127e-12
3.14640661277634e-12,5.11327934439258e-12
3.14157788137502e-12,5.10596604483198e-12
3.13673280199015e-12,5.09870026839071e-12
3.13187192351938e-12,5.09148359409003e-12
3.12699579130181e-12,5.08431757180286e-12
3.12210494698161e-12,5.07720372195121e-12
3.11719992837438e-12,5.07014353521958e-12
3.11228126933654e-12,5.06313847228412e-12
3.10734949963754e-12,5.0561899635578e-12
3.10240514483514e-12,5.04929940895172e-12
3.09744872615368e-12,5.04246817765243e-12
3.09248076036541e-12,5.03569760791529e-12
3.08750175967493e-12,5.028989006874e-12
3.08251223160675e-12,5.0223436503663e-12
3.07751267889596e-12,5.01576278277564e-12
3.07250359938223e-12,5.00924761688917e-12
3.06748548590689e-12,5.00279933377167e-12
3.06245882621329e-12,4.99641908265549e-12
3.05742410285049e-12,4.99010798084677e-12
3.0523817930802e-12,4.98386711364728e-12
3.04733236878697e-12,4.9776975342925e-12
3.04227629639181e-12,4.97160026390515e-12
3.03721403676912e-12,4.96557629146495e-12
3.03214604516696e-12,4.95962657379363e-12
3.02707277113064e-12,4.95375203555571e-12
3.02199465842985e-12,4.94795356927467e-12
3.01691214498898e-12,4.94223203536454e-12
3.01182566282099e-12,4.9365882621766e-12
3.00673563796459e-12,4.93102304606126e-12
3.00164249042482e-12,4.92553715144471e-12
2.9965466341171e-12,4.92013131092061e-12
2.99144847681458e-12,4.91480622535612e-12
2.98634842009896e-12,4.90956256401254e-12
2.98124685931464e-12,4.9044009646802e-12
2.97614418352629e-12,4.89932203382733e-12
2.97104077547978e-12,4.89432634676303e-12
2.96593701156641e-12,4.88941444781355e-12
2.9608332617906e-12,4.8845868505125e-12
2.95572988974079e-12,4.87984403780391e-12
2.95062725256372e-12,4.87518646225851e-12
2.94552570094194e-12,4.87061454630277e-12
2.94042557907472e-12,4.86612868246047e-12
2.93532722466202e-12,4.86172923360653e-12
2.93023096889186e-12,4.85741653323301e-12
2.92513713643075e-12,4.85319088572669e-12
2.9200460454174e-12,4.84905256665833e-12
2.91495800745951e-12,4.84500182308312e-12
2.90987332763363e-12,4.84103887385206e-12
2.90479230448824e-12,4.83716390993403e-12
2.89971523004971e-12,4.83337709474828e-12
2.89464238983138e-12,4.82967856450696e-12
2.88957406284553e-12,4.82606842856738e-12
2.88451052161837e-12,4.82254676979395e-12
2.87945203220781e-12,4.81911364492899e-12
2.87439885422421e-12,4.81576908497266e-12
2.86935124085383e-12,4.81251309557129e-12
2.86430943888508e-12,4.80934565741392e-12
2.85927368873748e-12,4.80626672663673e-12
2.85424422449336e-12,4.80327623523508e-12
2.84922127393204e-12,4.80037409148268e-12
2.84420505856676e-12,4.79756018035771e-12
2.8391957936839e-12,4.79483436397535e-12
2.83419368838495e-12,4.79219648202674e-12
2.82919894563071e-12,4.78964635222358e-12
2.82421176228787e-12,4.78718377074838e-12
2.81923232917798e-12,4.78480851270974e-12
2.81426083112861e-12,4.78252033260255e-12
2.80929744702673e-12,4.78031896477264e-12
2.80434234987427e-12,4.77820412388553e-12
2.79939570684566e-12,4.77617550539882e-12
2.79445767934753e-12,4.77423278603826e-12
2.78952842308027e-12,4.77237562427661e-12
2.78460808810151e-12,4.7706036608153e-12
2.77969681889156e-12,4.76891651906855e-12
2.77479475442043e-12,4.76731380564929e-12
2.76990202821678e-12,4.76579511085694e-12
2.76501876843832e-12,4.76436000916624e-12
2.76014509794406e-12,4.76300805971735e-12
2.7552811343678e-12,4.76173880680626e-12
2.75042699019338e-12,4.76055178037578e-12
2.74558277283104e-12,4.759446496506e-12
2.74074858469541e-12,4.75842245790491e-12
2.73592452328456e-12,4.75747915439779e-12
2.73111068126037e-12,4.75661606341577e-12
2.72630714652997e-12,4.75583265048283e-12
2.72151400232832e-12,4.75512836970119e-12
2.71673132730184e-12,4.75450266423461e-12
2.71195919559287e-12,4.75395496678921e-12
2.70719767692509e-12,4.75348470009161e-12
2.70244683668979e-12,4.75309127736421e-12
2.69770673603281e-12,4.75277410279696e-12
2.69297743194225e-12,4.75253257201558e-12
2.68825897733673e-12,4.7523660725459e-12
2.68355142115429e-12,4.75227398427395e-12
2.67885480844172e-12,4.75225567990153e-12
2.67416918044436e-12,4.75231052539709e-12
2.66949457469624e-12,4.75243788044144e-12
2.66483102511058e-12,4.75263709886829e-12
2.66017856207043e-12,4.75290752909889e-12
2.65553721251962e-12,4.75324851457134e-12
2.65090700005372e-12,4.75365939416328e-12
2.64628794501114e-12,4.75413950260861e-12
2.64168006456417e-12,4.75468817090744e-12
2.63708337280995e-12,4.75530472672928e-12
2.63249788086139e-12,4.75598849480926e-12
2.62792359693788e-12,4.75673879733707e-12
2.62336052645568e-12,4.7575549543384e-12
2.61880867211814e-12,4.75843628404879e-12
2.61426803400549e-12,4.75938210327961e-12
2.60973860966423e-12,4.76039172777602e-12
2.60522039419615e-12,4.76146447256675e-12
2.60071338034664e-12,4.76259965230537e-12
2.59621755859265e-12,4.76379658160324e-12
2.59173291722993e-12,4.76505457535358e-12
2.58725944245952e-12,4.76637294904674e-12
2.58279711847371e-12,4.76775101907662e-12
2.57834592754105e-12,4.76918810303783e-12
2.5739058500907e-12,4.77068352001375e-12
2.56947686479576e-12,4.77223659085512e-12
2.56505894865582e-12,4.77384663844943e-12
2.56065207707853e-12,4.77551298798052e-12
2.55625622396012e-12,4.77723496717872e-12
2.55187136176495e-12,4.77901190656134e-12
2.54749746160393e-12,4.78084313966323e-12
2.54313449331193e-12,4.7827280032578e-12
2.53878242552385e-12,4.78466583756789e-12
2.53444122574969e-12,4.78665598646689e-12
2.53011086044827e-12,4.78869779767001e-12
2.52579129509979e-12,4.79079062291542e-12
2.52148249427696e-12,4.79293381813549e-12
2.51718442171495e-12,4.79512674361815e-12
2.5128970403799e-12,4.79736876415806e-12
2.50862031253608e-12,4.79965924919819e-12
2.50435419981158e-12,4.80199757296093e-12
2.50009866326272e-12,4.80438311456991e-12
2.49585366343676e-12,4.80681525816142e-12
2.49161916043335e-12,4.80929339298637e-12
2.48739511396433e-12,4.81181691350223e-12
2.48318148341208e-12,4.81438521945553e-12
2.47897822788629e-12,4.81699771595444e-12
2.47478530627916e-12,4.81965381353209e-12
2.47060267731903e-12,4.82235292820014e-12
2.46643029962244e-12,4.82509448149323e-12
2.46226813174457e-12,4.82787790050409e-12
2.45811613222801e-12,4.83070261790937e-12
2.45397425964996e-12,4.83356807198667e-12
2.44984247266777e-12,4.83647370662246e-12
2.44572073006286e-12,4.83941897131138e-12
2.4416089907829e-12,4.84240332114682e-12
2.43750721398245e-12,4.84542621680303e-12
2.43341535906185e-12,4.84848712450901e-12
2.42933338570448e-12,4.85158551601407e-12
2.42526125391234e-12,4.8547208685455e-12
2.42119892404e-12,4.85789266475846e-12
2.41714635682686e-12,4.86110039267811e-12
2.41310351342774e-12,4.8643435456344e-12
2.40907035544181e-12,4.86762162218949e-12
2.40504684493994e-12,4.87093412605829e-12
2.40103294449036e-12,4.87428056602192e-12
2.39702861718264e-12,4.87766045583475e-12
2.39303382665012e-12,4.88107331412478e-12
2.38904853709071e-12,4.88451866428803e-12
2.38507271328611e-12,4.88799603437674e-12
2.38110632061935e-12,4.89150495698203e-12
2.37714932509087e-12,4.89504496911073e-12
2.373201693333e-12,4.89861561205723e-12
2.36926339262289e-12,4.90221643127011e-12
2.36533439089398e-12,4.90584697621402e-12
2.36141465674578e-12,4.90950680022677e-12
2.3575041594525e-12,4.91319546037261e-12
2.35360286896991e-12,4.91691251729091e-12
2.34971075594087e-12,4.92065753504128e-12
2.34582779169954e-12,4.92443008094528e-12
2.34195394827403e-12,4.92822972542443e-12
2.33808919838785e-12,4.93205604183565e-12
2.3342335154599e-12,4.9359086063036e-12
2.3303868736032e-12,4.93978699755066e-12
2.32654924762235e-12,4.94369079672466e-12
2.32272061300969e-12,4.94761958722452e-12
2.31890094594028e-12,4.95157295452435e-12
2.31509022326565e-12,4.95555048599602e-12
2.31128842250646e-12,4.95955177073049e-12
2.30749552184388e-12,4.96357639935836e-12
2.30371150011005e-12,4.9676239638696e-12
2.29993633677734e-12,4.97169405743305e-12
2.29617001194666e-12,4.97578627421579e-12
2.29241250633466e-12,4.97990020920245e-12
2.28866380126018e-12,4.98403545801517e-12
2.2849238786295e-12,4.98819161673408e-12
2.28119272092093e-12,4.99236828171868e-12
2.27747031116842e-12,4.99656504943055e-12
2.27375663294436e-12,5.00078151625719e-12
2.27005167034165e-12,5.0050172783378e-12
2.26635540795499e-12,5.00927193139086e-12
2.26266783086146e-12,5.01354507054383e-12
2.25898892460046e-12,5.01783629016536e-12
2.25531867515298e-12,5.02214518369996e-12
2.25165706892031e-12,5.0264713435057e-12
2.24800409270219e-12,5.03081436069489e-12
2.24435973367444e-12,5.03517382497811e-12
2.2407239793661e-12,5.0395493245118e-12
2.23709681763616e-12,5.04394044574945e-12
2.23347823664991e-12,5.04834677329699e-12
2.22986822485484e-12,5.052767889772e-12
2.22626677095637e-12,5.05720337566772e-12
2.22267386389311e-12,5.06165280922106e-12
2.21908949281205e-12,5.06611576628577e-12
2.21551364704345e-12,5.07059182021034e-12
2.21194631607559e-12,5.07508054172098e-12
2.2083874895294e-12,5.07958149880992e-12
2.204837157133e-12,5.08409425662907e-12
2.20129530869611e-12,5.08861837738913e-12
