1.83652143004785e-12,2.62474874347657e-12
1.83660385723137e-12,2.63273375859614e-12
1.83668387351021e-12,2.64073309810425e-12
1.83676147485255e-12,2.64874669871304e-12
1.83683665714493e-12,2.65677449614858e-12
1.83690941619198e-12,2.66481642514371e-12
1.83697974771596e-12,2.67287241943085e-12
1.83704764735651e-12,2.68094241173502e-12
1.83711311067023e-12,2.6890263337668e-12
1.83717613313035e-12,2.69712411621543e-12
1.83723671012645e-12,2.70523568874194e-12
1.8372948369641e-12,2.71336097997248e-12
1.83735050886455e-12,2.72149991749148e-12
1.83740372096446e-12,2.72965242783517e-12
1.83745446831557e-12,2.73781843648503e-12
1.83750274588445e-12,2.74599786786132e-12
1.83754854855217e-12,2.75419064531674e-12
1.83759187111413e-12,2.76239669113024e-12
1.8376327082797e-12,2.77061592650073e-12
1.83767105467207e-12,2.77884827154111e-12
1.83770690482795e-12,2.78709364527227e-12
1.83774025319737e-12,2.79535196561714e-12
1.8377710941435e-12,2.80362314939502e-12
1.83779942194237e-12,2.8119071123158e-12
1.83782523078276e-12,2.82020376897445e-12
1.83784851476599e-12,2.82851303284551e-12
1.83786926790573e-12,2.83683481627773e-12
1.83788748412789e-12,2.84516903048882e-12
1.83790315727043e-12,2.85351558556024e-12
1.83791628108327e-12,2.86187439043228e-12
1.83792684922811e-12,2.87024535289897e-12
1.83793485527839e-12,2.8786283796034e-12
1.83794029271915e-12,2.88702337603294e-12
1.83794315494696e-12,2.89543024651465e-12
1.83794343526983e-12,2.90384889421082e-12
1.83794112690718e-12,2.91227922111466e-12
1.83793622298976e-12,2.92072112804593e-12
1.83792871655966e-12,2.92917451464696e-12
1.83791860057022e-12,2.93763927937856e-12
1.83790586788608e-12,2.94611531951617e-12
1.83789051128316e-12,2.95460253114606e-12
1.83787252344867e-12,2.96310080916177e-12
1.83785189698117e-12,2.97161004726048e-12
1.83782862439054e-12,2.98013013793968e-12
1.83780269809813e-12,2.98866097249387e-12
1.83777411043673e-12,2.99720244101143e-12
1.83774285365075e-12,3.00575443237156e-12
1.83770891989622e-12,3.01431683424136e-12
1.83767230124094e-12,3.02288953307305e-12
1.83763298966459e-12,3.03147241410135e-12
1.83759097705889e-12,3.04006536134084e-12
1.83754625522768e-12,3.04866825758362e-12
1.83749881588713e-12,3.05728098439697e-12
1.83744865066588e-12,3.06590342212115e-12
1.83739575110523e-12,3.07453544986735e-12
1.83734010865936e-12,3.08317694551583e-12
1.83728171469548e-12,3.09182778571392e-12
1.83722056049406e-12,3.10048784587445e-12
1.83715663724913e-12,3.10915700017412e-12
1.83708993606842e-12,3.11783512155204e-12
1.83702044797369e-12,3.1265220817083e-12
1.83694816390094e-12,3.13521775110283e-12
1.83687307470074e-12,3.14392199895415e-12
1.83679517113847e-12,3.15263469323844e-12
1.83671444389466e-12,3.16135570068858e-12
1.83663088356527e-12,3.17008488679334e-12
1.83654448066201e-12,3.17882211579667e-12
1.83645522561271e-12,3.18756725069714e-12
1.83636310876163e-12,3.19632015324741e-12
1.8362681203698e-12,3.20508068395383e-12
1.83617025061543e-12,3.21384870207616e-12
1.83606948959425e-12,3.22262406562739e-12
1.8359658273199e-12,3.23140663137359e-12
1.8358592537243e-12,3.24019625483391e-12
1.8357497586581e-12,3.24899279028067e-12
1.83563733189106e-12,3.25779609073953e-12
1.83552196311245e-12,3.26660600798967e-12
1.83540364193154e-12,3.27542239256424e-12
1.83528235787795e-12,3.28424509375062e-12
1.83515810040217e-12,3.29307395959109e-12
1.83503085887597e-12,3.30190883688317e-12
1.83490062259286e-12,3.31074957118045e-12
1.83476738076856e-12,3.31959600679317e-12
1.8346311225415e-12,3.32844798678901e-12
1.83449183697324e-12,3.33730535299395e-12
1.83434951304901e-12,3.34616794599312e-12
1.83420413967818e-12,3.35503560513173e-12
1.83405570569471e-12,3.36390816851609e-12
1.83390419985774e-12,3.37278547301465e-12
1.83374961085201e-12,3.38166735425903e-12
1.83359192728844e-12,3.39055364664526e-12
1.83343113770458e-12,3.3994441833348e-12
1.83326723056515e-12,3.40833879625585e-12
1.83310019426257e-12,3.41723731610453e-12
1.83293001711749e-12,3.42613957234612e-12
1.83275668737929e-12,3.43504539321642e-12
1.8325801932266e-12,3.44395460572291e-12
1.83240052276786e-12,3.45286703564619e-12
1.83221766404181e-12,3.4617825075412e-12
1.83203160501808e-12,3.47070084473864e-12
1.83184233359766e-12,3.47962186934624e-12
1.83164983761345e-12,3.48854540225008e-12
1.83145410483077e-12,3.49747126311594e-12
1.83125512294796e-12,3.50639927039061e-12
1.83105287959682e-12,3.51532924130318e-12
1.83084736234318e-12,3.52426099186632e-12
1.83063855868742e-12,3.53319433687752e-12
1.83042645606498e-12,3.5421290899203e-12
1.83021104184688e-12,3.55106506336548e-12
1.82999230334023e-12,3.56000206837223e-12
1.82977022778877e-12,3.56893991488929e-12
1.82954480237332e-12,3.57787841165592e-12
1.82931601421233e-12,3.58681736620302e-12
1.82908385036233e-12,3.59575658485406e-12
1.82884829781847e-12,3.60469587272596e-12
1.82860934351496e-12,3.61363503372992e-12
1.82836697432556e-12,3.62257387057224e-12
1.82812117706404e-12,3.63151218475497e-12
1.82787193848468e-12,3.64044977657655e-12
1.82761924528265e-12,3.6493864451323e-12
1.82736308409452e-12,3.65832198831492e-12
1.82710344149866e-12,3.66725620281482e-12
1.82684030401567e-12,3.67618888412032e-12
1.82657365810881e-12,3.68511982651793e-12
1.82630349018438e-12,3.69404882309224e-12
1.82602978659215e-12,3.70297566572601e-12
1.82575253362568e-12,3.71190014509983e-12
1.82547171752275e-12,3.72082205069198e-12
1.82518732446571e-12,3.72974117077788e-12
1.82489934058178e-12,3.73865729242958e-12
1.82460775194344e-12,3.7475702015151e-12
1.8243125445687e-12,3.75647968269754e-12
1.82401370442145e-12,3.76538551943417e-12
1.8237112174117e-12,3.77428749397531e-12
1.8234050693959e-12,3.783185387363e-12
1.82309524617717e-12,3.79207897942964e-12
1.82278173350555e-12,3.80096804879637e-12
1.82246451707824e-12,3.80985237287139e-12
1.82214358253979e-12,3.81873172784792e-12
1.82181891548233e-12,3.82760588870225e-12
1.82149050144568e-12,3.83647462919139e-12
1.82115832591758e-12,3.84533772185066e-12
1.82082237433379e-12,3.85419493799101e-12
1.82048263207823e-12,3.86304604769635e-12
1.82013908448308e-12,3.87189081982037e-12
1.81979171682883e-12,3.88072902198343e-12
1.81944051434439e-12,3.88956042056917e-12
1.81908546220714e-12,3.89838478072091e-12
1.81872654554289e-12,3.90720186633778e-12
1.81836374942593e-12,3.91601144007079e-12
1.81799705887902e-12,3.92481326331854e-12
1.81762645887333e-12,3.93360709622286e-12
1.81725193432838e-12,3.94239269766409e-12
1.81687347011196e-12,3.95116982525624e-12
1.81649105104001e-12,3.95993823534185e-12
1.81610466187654e-12,3.96869768298674e-12
1.81571428733342e-12,3.9774479219744e-12
1.81531991207024e-12,3.98618870480026e-12
1.81492152069412e-12,3.99491978266561e-12
1.81451909775944e-12,4.00364090547144e-12
1.81411262776767e-12,4.01235182181191e-12
1.81370209516705e-12,4.02105227896766e-12
1.8132874843523e-12,4.0297420228988e-12
1.81286877966433e-12,4.0384207982378e-12
1.8124459653899e-12,4.047088348282e-12
1.81201902576119e-12,4.0557444149859e-12
1.81158794495551e-12,4.06438873895331e-12
1.81115270709482e-12,4.07302105942915e-12
1.81071329624531e-12,4.08164111429101e-12
1.8102696964169e-12,4.09024864004052e-12
1.80982189156283e-12,4.09884337179445e-12
1.80936986557907e-12,4.10742504327553e-12
1.8089136023038e-12,4.11599338680308e-12
1.80845308551686e-12,4.12454813328334e-12
1.80798829893917e-12,4.13308901219966e-12
1.80751922623204e-12,4.14161575160221e-12
1.80704585099663e-12,4.15012807809779e-12
1.80656815677323e-12,4.15862571683905e-12
1.80608612704054e-12,4.16710839151377e-12
1.80559974521502e-12,4.17557582433359e-12
1.80510899465011e-12,4.18402773602289e-12
1.80461385863545e-12,4.19246384580698e-12
1.80411432039611e-12,4.20088387140045e-12
1.80361036309179e-12,4.20928752899508e-12
1.80310196981592e-12,4.21767453324751e-12
1.80258912359485e-12,4.22604459726683e-12
1.80207180738694e-12,4.23439743260177e-12
1.80155000408166e-12,4.24273274922782e-12
1.8010236964986e-12,4.25105025553397e-12
1.80049286738658e-12,4.25934965830946e-12
1.79995749942263e-12,4.26763066273003e-12
1.79941757521096e-12,4.27589297234424e-12
1.79887307728197e-12,4.28413628905941e-12
1.7983239880912e-12,4.29236031312743e-12
1.79777029001819e-12,4.30056474313034e-12
1.79721196536547e-12,4.30874927596577e-12
1.79664899635737e-12,4.31691360683218e-12
1.79608136513893e-12,4.32505742921386e-12
1.79550905377471e-12,4.33318043486585e-12
1.79493204424764e-12,4.34128231379864e-12
1.79435031845778e-12,4.3493627542627e-12
1.79376385822113e-12,4.3574214427329e-12
1.79317264526839e-12,4.36545806389274e-12
1.7925766612437e-12,4.37347230061846e-12
1.79197588770337e-12,4.38146383396299e-12
1.79137030611457e-12,4.38943234313985e-12
1.79075989785407e-12,4.39737750550676e-12
1.79014464420687e-12,4.40529899654942e-12
1.78952452636488e-12,4.41319648986484e-12
1.78889952542557e-12,4.42106965714484e-12
1.78826962239061e-12,4.42891816815942e-12
1.78763479816446e-12,4.43674169073986e-12
1.78699503355304e-12,4.44453989076208e-12
1.78635030926225e-12,4.45231243212962e-12
1.7857006058966e-12,4.46005897675673e-12
1.78504590395777e-12,4.46777918455145e-12
1.78438618384322e-12,4.47547271339858e-12
1.78372142584465e-12,4.48313921914261e-12
1.78305161014663e-12,4.49077835557074e-12
1.78237671682513e-12,4.49838977439583e-12
1.78169672584601e-12,4.50597312523937e-12
1.78101161706361e-12,4.51352805561446e-12
1.78032137021923e-12,4.52105421090889e-12
1.77962596493967e-12,4.52855123436819e-12
1.77892538073574e-12,4.53601876707877e-12
1.77821959700079e-12,4.54345644795113e-12
1.77750859300923e-12,4.55086391370318e-12
1.77679234791503e-12,4.55824079884355e-12
1.77607084075023e-12,4.56558673565515e-12
1.77534405042349e-12,4.57290135417878e-12
1.77461195571863e-12,4.58018428219688e-12
1.77387453529308e-12,4.58743514521732e-12
1.7731317676765e-12,4.59465356645766e-12
1.77238363126929e-12,4.60183916682921e-12
1.77163010434111e-12,4.60899156492153e-12
1.77087116502949e-12,4.61611037698706e-12
1.77010679133837e-12,4.6231952169259e-12
1.76933696113668e-12,4.63024569627098e-12
1.76856165215693e-12,4.63726142417332e-12
1.76778084199385e-12,4.64424200738767e-12
1.76699450810297e-12,4.6511870502583e-12
1.76620262779928e-12,4.65809615470528e-12
1.76540517825586e-12,4.66496892021084e-12
1.76460213650261e-12,4.67180494380628e-12
1.76379347942488e-12,4.67860382005897e-12
1.76297918376225e-12,4.68536514106002e-12
1.76215922610718e-12,4.69208849641199e-12
1.76133358290389e-12,4.69877347321728e-12
1.76050223044705e-12,4.70541965606675e-12
1.75966514488064e-12,4.71202662702883e-12
1.7588223021968e-12,4.71859396563906e-12
1.75797367823466e-12,4.72512124889009e-12
1.75711924867932e-12,4.73160805122217e-12
1.75625898906069e-12,4.7380539445141e-12
1.75539287475256e-12,4.74445849807471e-12
1.75452088097152e-12,4.75082127863491e-12
1.75364298277606e-12,4.75714185034023e-12
1.75275915506562e-12,4.7634197747439e-12
1.75186937257975e-12,4.76965461080067e-12
1.75097360989721e-12,4.77584591486099e-12
1.75007184143523e-12,4.78199324066602e-12
1.74916404144875e-12,4.78809613934318e-12
1.74825018402965e-12,4.79415415940232e-12
1.74733024310622e-12,4.80016684673276e-12
1.74640419244239e-12,4.80613374460067e-12
1.74547200563731e-12,4.81205439364754e-12
1.74453365612479e-12,4.8179283318892e-12
1.74358911717279e-12,4.82375509471547e-12
1.74263836188311e-12,4.8295342148908e-12
1.74168136319099e-12,4.83526522255567e-12
1.74071809386485e-12,4.84094764522857e-12
1.73974852650604e-12,4.84658100780914e-12
1.73877263354869e-12,4.8521648325818e-12
1.73779038725961e-12,4.8576986392205e-12
1.73680175973822e-12,4.86318194479431e-12
1.73580672291663e-12,4.86861426377376e-12
1.73480524855968e-12,4.87399510803832e-12
1.73379730826512e-12,4.87932398688456e-12
1.73278287346386e-12,4.8846004070355e-12
1.73176191542023e-12,4.88982387265078e-12
1.73073440523242e-12,4.89499388533795e-12
1.72970031383286e-12,4.90010994416456e-12
1.72865961198879e-12,4.90517154567151e-12
1.72761227030287e-12,4.91017818388734e-12
1.72655825921383e-12,4.91512935034356e-12
1.72549754899727e-12,4.92002453409107e-12
1.72443010976647e-12,4.92486322171781e-12
1.72335591147336e-12,4.92964489736722e-12
1.72227492390952e-12,4.93436904275826e-12
1.72118711670727e-12,4.93903513720617e-12
1.72009245934086e-12,4.94364265764472e-12
1.71899092112779e-12,4.94819107864937e-12
1.71788247123013e-12,4.95267987246194e-12
1.71676707865602e-12,4.95710850901622e-12
1.71564471226118e-12,4.96147645596493e-12
1.71451534075066e-12,4.96578317870802e-12
1.71337893268047e-12,4.97002814042204e-12
1.71223545645949e-12,4.97421080209101e-12
1.71108488035143e-12,4.97833062253841e-12
1.70992717247684e-12,4.98238705846066e-12
