1.7707918493101e-12,2.14620360503184e-12
1.77244668748692e-12,2.15347570414132e-12
1.77410413254912e-12,2.16075674004269e-12
1.77576418927138e-12,2.1680465466294e-12
1.77742686222223e-12,2.17534495549054e-12
1.77909215575915e-12,2.18265179589574e-12
1.7807600740235e-12,2.18996689478032e-12
1.78243062093553e-12,2.19729007673082e-12
1.78410380018916e-12,2.20462116397077e-12
1.78577961524683e-12,2.21195997634678e-12
1.78745806933428e-12,2.21930633131499e-12
1.78913916543522e-12,2.22666004392778e-12
1.79082290628598e-12,2.23402092682094e-12
1.79250929437013e-12,2.24138879020105e-12
1.79419833191298e-12,2.2487634418334e-12
1.79589002087613e-12,2.25614468703009e-12
1.79758436295187e-12,2.26353232863872e-12
1.7992813595576e-12,2.27092616703133e-12
1.80098101183015e-12,2.27832600009381e-12
1.80268332062014e-12,2.28573162321576e-12
1.8043882864862e-12,2.2931428292807e-12
1.80609590968918e-12,2.30055940865684e-12
1.80780619018636e-12,2.30798114918818e-12
1.80951912762557e-12,2.31540783618618e-12
1.81123472133928e-12,2.32283925242185e-12
1.81295297033869e-12,2.33027517811831e-12
1.81467387330773e-12,2.33771539094399e-12
1.81639742859707e-12,2.34515966600608e-12
1.81812363421806e-12,2.35260777584477e-12
1.81985248783669e-12,2.36005949042789e-12
1.82158398676748e-12,2.36751457714605e-12
1.82331812796735e-12,2.37497280080846e-12
1.82505490802947e-12,2.3824339236392e-12
1.82679432317708e-12,2.38989770527416e-12
1.82853636925731e-12,2.39736390275847e-12
1.83028104173498e-12,2.40483227054462e-12
1.8320283356863e-12,2.41230256049109e-12
1.83377824579269e-12,2.41977452186171e-12
1.83553076633447e-12,2.42724790132556e-12
1.83728589118462e-12,2.43472244295751e-12
1.83904361380246e-12,2.4421978882395e-12
1.84080392722735e-12,2.44967397606233e-12
1.84256682407242e-12,2.4571504427283e-12
1.84433229651823e-12,2.46462702195432e-12
1.84610033630649e-12,2.47210344487594e-12
1.8478709347337e-12,2.47957944005184e-12
1.84964408264491e-12,2.48705473346927e-12
1.85141977042734e-12,2.49452904854994e-12
1.85319798800415e-12,2.50200210615694e-12
1.85497872482808e-12,2.50947362460209e-12
1.85676196987524e-12,2.51694331965428e-12
1.85854771163877e-12,2.52441090454843e-12
1.86033593812264e-12,2.53187608999527e-12
1.86212663683539e-12,2.53933858419185e-12
1.86391979478392e-12,2.54679809283283e-12
1.86571539846729e-12,2.55425431912268e-12
1.86751343387052e-12,2.56170696378847e-12
1.86931388645852e-12,2.56915572509364e-12
1.87111674116988e-12,2.57660029885249e-12
1.87292198241084e-12,2.58404037844554e-12
1.87472959404923e-12,2.59147565483568e-12
1.87653955940844e-12,2.59890581658521e-12
1.87835186126144e-12,2.60633054987365e-12
1.88016648182485e-12,2.61374953851647e-12
1.88198340275303e-12,2.62116246398463e-12
1.88380260513225e-12,2.62856900542501e-12
1.88562406947486e-12,2.6359688396817e-12
1.88744777571357e-12,2.6433616413182e-12
1.88927370319571e-12,2.65074708264039e-12
1.89110183067761e-12,2.65812483372059e-12
1.89293213631903e-12,2.66549456242232e-12
1.89476459767757e-12,2.67285593442604e-12
1.89659919170327e-12,2.68020861325582e-12
1.8984358947332e-12,2.68755226030688e-12
1.90027468248607e-12,2.69488653487404e-12
1.90211553005706e-12,2.70221109418113e-12
1.90395841191255e-12,2.7095255934113e-12
1.90580330188507e-12,2.71682968573824e-12
1.90765017316819e-12,2.72412302235835e-12
1.90949899831166e-12,2.73140525252387e-12
1.91134974921645e-12,2.73867602357686e-12
1.91320239713001e-12,2.74593498098426e-12
1.91505691264157e-12,2.75318176837373e-12
1.91691326567749e-12,2.76041602757058e-12
1.91877142549681e-12,2.76763739863558e-12
1.92063136068678e-12,2.77484551990369e-12
1.92249303915853e-12,2.78204002802381e-12
1.9243564281429e-12,2.78922055799942e-12
1.92622149418625e-12,2.79638674323025e-12
1.92808820314651e-12,2.8035382155548e-12
1.92995652018924e-12,2.81067460529391e-12
1.93182640978384e-12,2.81779554129524e-12
1.93369783569986e-12,2.82490065097867e-12
1.93557076100344e-12,2.83198956038274e-12
1.93744514805386e-12,2.83906189421198e-12
1.9393209585002e-12,2.84611727588518e-12
1.94119815327813e-12,2.85315532758469e-12
1.94307669260684e-12,2.86017567030655e-12
1.94495653598607e-12,2.86717792391166e-12
1.94683764219329e-12,2.87416170717788e-12
1.948719969281e-12,2.88112663785301e-12
1.95060347457418e-12,2.88807233270882e-12
1.95248811466781e-12,2.89499840759584e-12
1.9543738454247e-12,2.90190447749932e-12
1.95626062197319e-12,2.90879015659586e-12
1.95814839870529e-12,2.91565505831114e-12
1.96003712927472e-12,2.92249879537853e-12
1.96192676659524e-12,2.92932097989854e-12
1.96381726283912e-12,2.93612122339927e-12
1.96570856943565e-12,2.94289913689773e-12
1.96760063706997e-12,2.94965433096197e-12
1.9694934156819e-12,2.95638641577429e-12
1.97138685446505e-12,2.9630950011951e-12
1.973280901866e-12,2.96977969682785e-12
1.97517550558372e-12,2.97644011208469e-12
1.97707061256904e-12,2.98307585625309e-12
1.97896616902446e-12,2.98968653856324e-12
1.98086212040393e-12,2.99627176825628e-12
1.98275841141296e-12,3.00283115465348e-12
1.98465498600878e-12,3.00936430722611e-12
1.98655178740081e-12,3.01587083566615e-12
1.98844875805113e-12,3.0223503499579e-12
1.99034583967527e-12,3.02880246045027e-12
1.99224297324313e-12,3.0352267779299e-12
1.99414009898007e-12,3.04162291369506e-12
1.99603715636816e-12,3.04799047963028e-12
1.99793408414769e-12,3.05432908828177e-12
1.99983082031877e-12,3.06063835293355e-12
2.00172730214318e-12,3.06691788768432e-12
2.00362346614637e-12,3.07316730752496e-12
2.00551924811969e-12,3.07938622841692e-12
2.00741458312276e-12,3.08557426737105e-12
2.00930940548608e-12,3.09173104252734e-12
2.01120364881375e-12,3.09785617323507e-12
2.01309724598651e-12,3.10394928013388e-12
2.01499012916487e-12,3.11000998523518e-12
2.01688222979243e-12,3.11603791200443e-12
2.0187734785995e-12,3.1220326854438e-12
2.02066380560683e-12,3.12799393217561e-12
2.02255314012952e-12,3.13392128052611e-12
2.02444141078122e-12,3.13981436061007e-12
2.02632854547844e-12,3.14567280441564e-12
2.02821447144512e-12,3.15149624588994e-12
2.03009911521737e-12,3.157284321025e-12
2.03198240264841e-12,3.16303666794421e-12
2.03386425891375e-12,3.16875292698936e-12
2.03574460851651e-12,3.17443274080784e-12
2.03762337529301e-12,3.18007575444063e-12
2.0395004824185e-12,3.18568161541034e-12
2.04137585241315e-12,3.19124997380986e-12
2.04324940714822e-12,3.19678048239131e-12
2.04512106785241e-12,3.20227279665535e-12
2.04699075511848e-12,3.20772657494075e-12
2.04885838890996e-12,3.21314147851432e-12
2.05072388856824e-12,3.21851717166114e-12
2.05258717281966e-12,3.22385332177501e-12
2.05444815978301e-12,3.22914959944917e-12
2.05630676697701e-12,3.23440567856716e-12
2.05816291132825e-12,3.23962123639404e-12
2.06001650917907e-12,3.24479595366758e-12
2.0618674762959e-12,3.2499295146898e-12
2.06371572787756e-12,3.25502160741845e-12
2.06556117856395e-12,3.26007192355875e-12
2.06740374244488e-12,3.26508015865516e-12
2.06924333306903e-12,3.27004601218316e-12
2.07107986345325e-12,3.27496918764109e-12
2.07291324609191e-12,3.2798493926421e-12
2.07474339296661e-12,3.28468633900592e-12
2.07657021555592e-12,3.28947974285073e-12
2.07839362484546e-12,3.29422932468485e-12
2.08021353133807e-12,3.29893480949848e-12
2.08202984506429e-12,3.30359592685521e-12
2.08384247559289e-12,3.30821241098347e-12
2.08565133204174e-12,3.31278400086772e-12
2.08745632308877e-12,3.31731044033962e-12
2.08925735698313e-12,3.32179147816879e-12
2.09105434155665e-12,3.32622686815347e-12
2.0928471842353e-12,3.33061636921084e-12
2.09463579205102e-12,3.33495974546715e-12
2.0964200716536e-12,3.33925676634732e-12
2.09819992932285e-12,3.34350720666449e-12
2.09997527098083e-12,3.34771084670891e-12
2.1017460022044e-12,3.35186747233664e-12
2.10351202823785e-12,3.35597687505776e-12
2.10527325400571e-12,3.36003885212401e-12
2.10702958412581e-12,3.3640532066162e-12
2.10878092292241e-12,3.36801974753085e-12
2.11052717443958e-12,3.37193828986652e-12
2.1122682424547e-12,3.37580865470935e-12
2.11400403049218e-12,3.3796306693183e-12
2.11573444183724e-12,3.38340416720946e-12
2.11745937955001e-12,3.38712898823999e-12
2.1191787464796e-12,3.39080497869116e-12
2.12089244527852e-12,3.39443199135093e-12
2.12260037841705e-12,3.39800988559554e-12
2.12430244819798e-12,3.40153852747058e-12
2.1259985567713e-12,3.40501778977118e-12
2.12768860614915e-12,3.40844755212131e-12
2.12937249822091e-12,3.41182770105246e-12
2.13105013476835e-12,3.41515813008118e-12
2.13272141748104e-12,3.41843873978602e-12
2.13438624797175e-12,3.4216694378833e-12
2.13604452779212e-12,3.42485013930209e-12
2.13769615844833e-12,3.42798076625814e-12
2.13934104141703e-12,3.43106124832689e-12
2.14097907816127e-12,3.43409152251537e-12
2.1426101701466e-12,3.43707153333304e-12
2.14423421885732e-12,3.4400012328617e-12
2.14585112581273e-12,3.442880580824e-12
2.14746079258366e-12,3.44570954465119e-12
2.14906312080891e-12,3.44848809954938e-12
2.15065801221195e-12,3.45121622856476e-12
2.15224536861765e-12,3.45389392264765e-12
2.15382509196905e-12,3.45652118071519e-12
2.15539708434435e-12,3.45909800971283e-12
2.15696124797388e-12,3.46162442467453e-12
2.15851748525719e-12,3.46410044878166e-12
2.16006569878018e-12,3.46652611342045e-12
2.16160579133242e-12,3.46890145823821e-12
2.16313766592435e-12,3.47122653119806e-12
2.16466122580478e-12,3.47350138863235e-12
2.1661763744782e-12,3.47572609529441e-12
2.1676830157224e-12,3.47790072440916e-12
2.1691810536059e-12,3.48002535772189e-12
2.17067039250563e-12,3.4821000855458e-12
2.17215093712459e-12,3.48412500680787e-12
2.17362259250944e-12,3.48610022909307e-12
2.17508526406834e-12,3.48802586868729e-12
2.17653885758863e-12,3.48990205061829e-12
2.17798327925464e-12,3.49172890869529e-12
2.17941843566551e-12,3.49350658554682e-12
2.180844233853e-12,3.49523523265683e-12
2.18226058129936e-12,3.49691501039925e-12
2.18366738595517e-12,3.49854608807066e-12
2.18506455625717e-12,3.50012864392136e-12
2.18645200114621e-12,3.50166286518464e-12
2.18782963008499e-12,3.50314894810423e-12
2.18919735307603e-12,3.50458709796002e-12
2.19055508067943e-12,3.5059775290919e-12
2.19190272403071e-12,3.50732046492184e-12
2.19324019485865e-12,3.50861613797404e-12
2.194567405503e-12,3.50986478989323e-12
2.19588426893225e-12,3.51106667146113e-12
2.19719069876136e-12,3.51222204261096e-12
2.1984866092694e-12,3.51333117244002e-12
2.19977191541716e-12,3.5143943392203e-12
2.20104653286474e-12,3.51541183040733e-12
2.20231037798906e-12,3.51638394264676e-12
2.20356336790131e-12,3.51731098177921e-12
2.20480542046432e-12,3.51819326284296e-12
2.20603645430991e-12,3.51903111007472e-12
2.20725638885611e-12,3.51982485690839e-12
2.20846514432434e-12,3.52057484597166e-12
2.20966264175645e-12,3.52128142908071e-12
2.21084880303177e-12,3.52194496723272e-12
2.21202355088396e-12,3.52256583059651e-12
2.21318680891781e-12,3.52314439850072e-12
2.21433850162595e-12,3.5236810594204e-12
2.21547855440541e-12,3.52417621096107e-12
2.2166068935741e-12,3.52463025984087e-12
2.21772344638716e-12,3.52504362187063e-12
2.21882814105317e-12,3.52541672193163e-12
2.21992090675026e-12,3.52574999395146e-12
2.22100167364207e-12,3.52604388087756e-12
2.22207037289358e-12,3.52629883464869e-12
2.22312693668677e-12,3.52651531616427e-12
2.22417129823619e-12,3.52669379525155e-12
2.22520339180429e-12,3.5268347506305e-12
2.22622315271666e-12,3.5269386698768e-12
2.22723051737716e-12,3.52700604938247e-12
2.22822542328268e-12,3.52703739431435e-12
2.22920780903799e-12,3.5270332185705e-12
2.23017761437017e-12,3.52699404473431e-12
2.23113478014311e-12,3.52692040402663e-12
2.23207924837152e-12,3.52681283625549e-12
2.23301096223507e-12,3.52667188976391e-12
2.2339298660921e-12,3.52649812137532e-12
2.23483590549322e-12,3.52629209633702e-12
2.23572902719473e-12,3.5260543882613e-12
2.23660917917174e-12,3.52578557906457e-12
2.23747631063122e-12,3.52548625890422e-12
2.23833037202468e-12,3.52515702611341e-12
2.23917131506075e-12,3.52479848713375e-12
2.23999909271742e-12,3.52441125644571e-12
2.24081365925417e-12,3.52399595649709e-12
2.24161497022377e-12,3.52355321762923e-12
2.24240298248392e-12,3.52308367800126e-12
2.24317765420856e-12,3.52258798351213e-12
2.24393894489898e-12,3.52206678772054e-12
2.24468681539475e-12,3.52152075176303e-12
2.24542122788423e-12,3.52095054426971e-12
2.24614214591495e-12,3.52035684127807e-12
2.24684953440373e-12,3.51974032614491e-12
2.24754335964644e-12,3.51910168945593e-12
2.24822358932758e-12,3.51844162893359e-12
2.24889019252954e-12,3.51776084934286e-12
2.24954313974159e-12,3.51706006239503e-12
2.25018240286861e-12,3.51633998664954e-12
2.25080795523952e-12,3.51560134741389e-12
2.25141977161539e-12,3.5148448766416e-12
