2.60809578833563e-12,2.36850910224619e-12
2.60547193064478e-12,2.36340336056514e-12
2.60280423488885e-12,2.35827137709645e-12
2.60009335956641e-12,2.35311447539974e-12
2.59733996593017e-12,2.34793397249652e-12
2.59454471772876e-12,2.34273117843791e-12
2.59170828094979e-12,2.33750739587914e-12
2.58883132356427e-12,2.33226391966089e-12
2.58591451527234e-12,2.32700203639761e-12
2.58295852725071e-12,2.32172302407319e-12
2.57996403190166e-12,2.31642815164401e-12
2.57693170260385e-12,2.31111867864957e-12
2.57386221346511e-12,2.30579585483092e-12
2.57075623907717e-12,2.30046091975706e-12
2.56761445427253e-12,2.29511510245935e-12
2.56443753388359e-12,2.28975962107431e-12
2.5612261525041e-12,2.2843956824947e-12
2.55798098425309e-12,2.27902448202923e-12
2.5547027025413e-12,2.27364720307092e-12
2.55139197984032e-12,2.26826501677433e-12
2.54804948745443e-12,2.26287908174166e-12
2.54467589529531e-12,2.25749054371796e-12
2.54127187165965e-12,2.25210053529552e-12
2.53783808300988e-12,2.24671017562758e-12
2.53437519375792e-12,2.24132057015131e-12
2.53088386605217e-12,2.23593281032041e-12
2.52736475956784e-12,2.23054797334721e-12
2.52381853130058e-12,2.2251671219544e-12
2.52024583536357e-12,2.21979130413659e-12
2.51664732278822e-12,2.21442155293148e-12
2.51302364132836e-12,2.20905888620115e-12
2.5093754352682e-12,2.203704306423e-12
2.50570334523398e-12,2.19835880049086e-12
2.50200800800941e-12,2.19302333952597e-12
2.49829005635508e-12,2.18769887869807e-12
2.49455011883172e-12,2.18238635705662e-12
2.49078881962747e-12,2.17708669737196e-12
2.48700677838924e-12,2.17180080598674e-12
2.48320461005811e-12,2.16652957267738e-12
2.47938292470896e-12,2.16127387052574e-12
2.47554232739424e-12,2.15603455580082e-12
2.471683417992e-12,2.15081246785066e-12
2.46780679105827e-12,2.14560842900433e-12
2.4639130356836e-12,2.14042324448392e-12
2.46000273535424e-12,2.13525770232673e-12
2.45607646781743e-12,2.13011257331733e-12
2.45213480495131e-12,2.12498861092971e-12
2.44817831263918e-12,2.11988655127927e-12
2.44420755064835e-12,2.11480711308478e-12
2.44022307251336e-12,2.10975099764006e-12
2.43622542542384e-12,2.1047188887955e-12
2.43221515011685e-12,2.09971145294923e-12
2.42819278077378e-12,2.09472933904785e-12
2.42415884492182e-12,2.08977317859677e-12
2.42011386334005e-12,2.0848435856799e-12
2.41605834997001e-12,2.07994115698871e-12
2.41199281183096e-12,2.0750664718606e-12
2.40791774893965e-12,2.07022009232624e-12
2.40383365423467e-12,2.06540256316609e-12
2.39974101350545e-12,2.06061441197576e-12
2.39564030532573e-12,2.05585614924015e-12
2.39153200099166e-12,2.05112826841624e-12
2.38741656446439e-12,2.04643124602446e-12
2.38329445231723e-12,2.0417655417484e-12
2.37916611368729e-12,2.03713159854282e-12
2.37503199023158e-12,2.03252984274962e-12
2.3708925160877e-12,2.02796068422202e-12
2.36674811783878e-12,2.0234245164563e-12
2.362599214483e-12,2.01892171673131e-12
2.35844621740735e-12,2.01445264625536e-12
2.35428953036587e-12,2.01001765032059e-12
2.35012954946206e-12,2.00561705846425e-12
2.3459666631357e-12,2.00125118463714e-12
2.34180125215374e-12,1.99692032737871e-12
2.33763368960559e-12,1.99262476999885e-12
2.33346434090231e-12,1.98836478076603e-12
2.32929356378011e-12,1.98414061310169e-12
2.32512170830779e-12,1.97995250578074e-12
2.32094911689815e-12,1.97580068313774e-12
2.31677612432342e-12,1.97168535527894e-12
2.31260305773456e-12,1.96760671829955e-12
2.30843023668436e-12,1.96356495450647e-12
2.30425797315434e-12,1.95956023264583e-12
2.30008657158533e-12,1.95559270813562e-12
2.29591632891175e-12,1.95166252330271e-12
2.29174753459945e-12,1.94776980762444e-12
2.28758047068701e-12,1.94391467797434e-12
2.28341541183064e-12,1.94009723887189e-12
2.27925262535228e-12,1.93631758273599e-12
2.2750923712912e-12,1.93257579014211e-12
2.27093490245863e-12,1.92887193008258e-12
2.26678046449576e-12,1.92520606023024e-12
2.26262929593472e-12,1.92157822720483e-12
2.25848162826257e-12,1.91798846684213e-12
2.25433768598829e-12,1.91443680446558e-12
2.2501976867126e-12,1.91092325516009e-12
2.24606184120051e-12,1.90744782404798e-12
2.24193035345669e-12,1.9040105065666e-12
2.23780342080332e-12,1.90061128874765e-12
2.2336812339606e-12,1.89725014749786e-12
2.2295639771296e-12,1.89392705088073e-12
2.22545182807759e-12,1.89064195839931e-12
2.22134495822557e-12,1.88739482127967e-12
2.21724353273802e-12,1.88418558275487e-12
2.2131477106148e-12,1.8810141783492e-12
2.20905764478499e-12,1.8778805361625e-12
2.20497348220278e-12,1.87478457715444e-12
2.20089536394512e-12,1.87172621542828e-12
2.19682342531116e-12,1.86870535851427e-12
2.1927577959234e-12,1.86572190765215e-12
2.18869859983034e-12,1.86277575807279e-12
2.18464595561073e-12,1.85986679927857e-12
2.18059997647916e-12,1.85699491532252e-12
2.17656077039296e-12,1.85415998508578e-12
2.17252844016036e-12,1.85136188255344e-12
2.16850308354984e-12,1.84860047708829e-12
2.1644847934004e-12,1.84587563370265e-12
2.16047365773286e-12,1.84318721332755e-12
2.15646975986213e-12,1.8405350730799e-12
2.15247317851009e-12,1.8379190665265e-12
2.14848398791928e-12,1.8353390439455e-12
2.14450225796718e-12,1.83279485258481e-12
2.14052805428098e-12,1.83028633691717e-12
2.13656143835287e-12,1.82781333889209e-12
2.13260246765553e-12,1.82537569818408e-12
2.12865119575809e-12,1.8229732524374e-12
2.12470767244204e-12,1.8206058375068e-12
2.12077194381745e-12,1.81827328769452e-12
2.11684405243905e-12,1.81597543598292e-12
2.11292403742234e-12,1.81371211426319e-12
2.10901193455945e-12,1.81148315355935e-12
2.1051077764349e-12,1.80928838424797e-12
2.1012115925409e-12,1.8071276362732e-12
2.09732340939237e-12,1.80500073935697e-12
2.09344325064151e-12,1.8029075232045e-12
2.08957113719168e-12,1.80084781770461e-12
2.08570708731082e-12,1.79882145312512e-12
2.08185111674409e-12,1.79682826030297e-12
2.07800323882579e-12,1.79486807082918e-12
2.07416346459043e-12,1.79294071722827e-12
2.07033180288284e-12,1.79104603313236e-12
2.06650826046738e-12,1.7891838534497e-12
2.06269284213615e-12,1.78735401452761e-12
2.05888555081588e-12,1.78555635430969e-12
2.05508638767391e-12,1.78379071248735e-12
2.05129535222275e-12,1.78205693064549e-12
2.04751244242344e-12,1.7803548524024e-12
2.0437376547875e-12,1.77868432354372e-12
2.03997098447749e-12,1.77704519215039e-12
2.03621242540612e-12,1.7754373087208e-12
2.03246197033376e-12,1.77386052628669e-12
2.02871961096449e-12,1.77231470052329e-12
2.02498533804038e-12,1.77079968985315e-12
2.02125914143421e-12,1.76931535554407e-12
2.01754101024041e-12,1.76786156180088e-12
2.01383093286423e-12,1.76643817585111e-12
2.01012889710906e-12,1.7650450680247e-12
2.00643489026199e-12,1.76368211182744e-12
2.00274889917735e-12,1.76234918400853e-12
1.99907091035841e-12,1.76104616462199e-12
1.99540091003705e-12,1.75977293708205e-12
1.99173888425139e-12,1.75852938821257e-12
1.9880848189215e-12,1.75731540829051e-12
1.9844386999229e-12,1.75613089108338e-12
1.98080051315803e-12,1.75497573388095e-12
1.97717024462556e-12,1.75384983752096e-12
1.9735478804876e-12,1.75275310640919e-12
1.96993340713466e-12,1.75168544853371e-12
1.96632681124845e-12,1.75064677547352e-12
1.96272807986246e-12,1.74963700240151e-12
1.95913720042027e-12,1.74865604808201e-12
1.95555416083171e-12,1.74770383486284e-12
1.95197894952659e-12,1.7467802886619e-12
1.94841155550634e-12,1.74588533894867e-12
1.94485196839322e-12,1.74501891872033e-12
1.94130017847728e-12,1.74418096447286e-12
1.93775617676108e-12,1.74337141616718e-12
1.93421995500205e-12,1.74259021719031e-12
1.93069150575249e-12,1.74183731431178e-12
1.92717082239743e-12,1.74111265763533e-12
1.92365789919004e-12,1.74041620054607e-12
1.92015273128481e-12,1.73974789965316e-12
1.91665531476838e-12,1.73910771472815e-12
1.9131656466882e-12,1.73849560863917e-12
1.90968372507879e-12,1.73791154728094e-12
1.90620954898579e-12,1.73735549950088e-12
1.90274311848778e-12,1.73682743702138e-12
1.89928443471585e-12,1.73632733435849e-12
1.89583349987089e-12,1.73585516873684e-12
1.89239031723876e-12,1.73541092000135e-12
1.88895489120329e-12,1.73499457052562e-12
1.885527227257e-12,1.7346061051172e-12
1.8821073320098e-12,1.73424551091982e-12
1.87869521319555e-12,1.73391277731293e-12
1.87529087967649e-12,1.7336078958085e-12
1.87189434144567e-12,1.7333308599453e-12
1.86850560962731e-12,1.73308166518084e-12
1.86512469647517e-12,1.73286030878108e-12
1.86175161536898e-12,1.7326667897082e-12
1.85838638080888e-12,1.73250110850629e-12
1.85502900840804e-12,1.7323632671855e-12
1.85167951488334e-12,1.73225326910455e-12
1.84833791804432e-12,1.73217111885183e-12
1.84500423678019e-12,1.7321168221252e-12
1.84167849104532e-12,1.73209038561093e-12
1.83836070184278e-12,1.73209181686142e-12
1.83505089120642e-12,1.73212112417239e-12
1.83174908218123e-12,1.73217831645942e-12
1.82845529880212e-12,1.732263403134e-12
1.82516956607124e-12,1.73237639397938e-12
1.82189190993375e-12,1.73251729902633e-12
1.81862235725222e-12,1.73268612842886e-12
1.81536093577954e-12,1.73288289234027e-12
1.81210767413066e-12,1.73310760078949e-12
1.80886260175284e-12,1.73336026355801e-12
1.80562574889486e-12,1.73364089005743e-12
1.8023971465749e-12,1.73394948920797e-12
1.79917682654735e-12,1.73428606931784e-12
1.79596482126855e-12,1.73465063796387e-12
1.79276116386147e-12,1.73504320187337e-12
1.78956588807942e-12,1.73546376680748e-12
1.78637902826887e-12,1.73591233744614e-12
1.78320061933137e-12,1.73638891727468e-12
1.78003069668469e-12,1.73689350847245e-12
1.77686929622315e-12,1.73742611180336e-12
1.77371645427735e-12,1.73798672650863e-12
1.77057220757315e-12,1.73857535020175e-12
1.7674365931901e-12,1.739191978766e-12
1.76430964851936e-12,1.73983660625437e-12
1.76119141122116e-12,1.74050922479228e-12
1.75808191918172e-12,1.74120982448297e-12
1.75498121046999e-12,1.74193839331595e-12
1.75188932329389e-12,1.74269491707828e-12
1.74880629595645e-12,1.74347937926922e-12
1.74573216681167e-12,1.74429176101791e-12
1.74266697422026e-12,1.74513204100457e-12
1.73961075650528e-12,1.74600019538501e-12
1.73656355190778e-12,1.74689619771878e-12
1.73352539854244e-12,1.74782001890096e-12
1.73049633435326e-12,1.74877162709752e-12
1.72747639706944e-12,1.74975098768474e-12
1.72446562416138e-12,1.75075806319227e-12
1.72146405279701e-12,1.75179281325034e-12
1.71847171979825e-12,1.7528551945408e-12
1.71548866159798e-12,1.75394516075256e-12
1.71251491419731e-12,1.75506266254077e-12
1.70955051312327e-12,1.75620764749064e-12
1.70659549338705e-12,1.75738006008521e-12
1.70364988944279e-12,1.75857984167759e-12
1.70071373514686e-12,1.75980693046753e-12
1.69778706371782e-12,1.76106126148231e-12
1.69486990769716e-12,1.76234276656217e-12
1.6919622989106e-12,1.76365137435008e-12
1.68906426843025e-12,1.7649870102861e-12
1.68617584653758e-12,1.76634959660607e-12
1.68329706268722e-12,1.76773905234501e-12
1.68042794547166e-12,1.76915529334484e-12
1.67756852258688e-12,1.77059823226675e-12
1.67471882079904e-12,1.77206777860806e-12
1.67187886591195e-12,1.77356383872346e-12
1.66904868273591e-12,1.77508631585095e-12
1.66622829505734e-12,1.77663511014212e-12
1.66341772560974e-12,1.77821011869692e-12
1.66061699604564e-12,1.77981123560286e-12
1.65782612690985e-12,1.78143835197859e-12
1.65504513761387e-12,1.78309135602189e-12
1.65227404641153e-12,1.78477013306192e-12
1.64951287037591e-12,1.78647456561578e-12
1.6467616253776e-12,1.78820453344928e-12
1.64402032606419e-12,1.78995991364186e-12
1.64128898584115e-12,1.79174058065563e-12
1.63856761685413e-12,1.7935464064085e-12
1.63585622997253e-12,1.79537726035112e-12
1.63315483477454e-12,1.79723300954795e-12
1.63046343953359e-12,1.79911351876188e-12
1.62778205120629e-12,1.80101865054288e-12
1.62511067542169e-12,1.80294826532001e-12
1.62244931647215e-12,1.80490222149716e-12
1.61979797730557e-12,1.80688037555226e-12
1.6171566595192e-12,1.80888258213965e-12
1.61452536335488e-12,1.81090869419602e-12
1.61190408769576e-12,1.81295856304917e-12
1.60929283006469e-12,1.81503203853014e-12
1.60669158662385e-12,1.81712896908788e-12
1.60410035217614e-12,1.81924920190709e-12
1.60151912016792e-12,1.82139258302851e-12
1.59894788269342e-12,1.8235589574719e-12
1.59638663050046e-12,1.82574816936132e-12
1.59383535299785e-12,1.82796006205279e-12
1.5912940382642e-12,1.83019447826418e-12
1.58876267305828e-12,1.83245126020695e-12
1.5862412428308e-12,1.83473024971996e-12
1.58372973173773e-12,1.83703128840489e-12
1.58122812265504e-12,1.83935421776335e-12
1.57873639719493e-12,1.84169887933536e-12
1.57625453572346e-12,1.84406511483928e-12
1.57378251737965e-12,1.8464527663127e-12
1.57132032009591e-12,1.84886167625453e-12
1.56886792061995e-12,1.85129168776772e-12
1.56642529453802e-12,1.85374264470297e-12
