1.46384417305462e-12,2.1303395997218e-12
1.46615528467841e-12,2.13970111980565e-12
1.46847078933839e-12,2.14909297741982e-12
1.47079069878028e-12,2.15851519539993e-12
1.47311502477058e-12,2.1679677959398e-12
1.47544377909594e-12,2.17745080058285e-12
1.4777769735626e-12,2.18696423021328e-12
1.48011461999565e-12,2.19650810504747e-12
1.48245673023833e-12,2.20608244462499e-12
1.48480331615115e-12,2.21568726779978e-12
1.48715438961104e-12,2.2253225927311e-12
1.48950996251036e-12,2.23498843687448e-12
1.49187004675588e-12,2.2446848169726e-12
1.49423465426766e-12,2.25441174904611e-12
1.49660379697791e-12,2.26416924838434e-12
1.49897748682967e-12,2.27395732953599e-12
1.50135573577555e-12,2.28377600629979e-12
1.50373855577629e-12,2.29362529171502e-12
1.50612595879926e-12,2.30350519805202e-12
1.50851795681694e-12,2.31341573680271e-12
1.51091456180528e-12,2.32335691867097e-12
1.51331578574194e-12,2.33332875356297e-12
1.51572164060452e-12,2.34333125057756e-12
1.5181321383687e-12,2.35336441799653e-12
1.52054729100623e-12,2.36342826327485e-12
1.52296711048292e-12,2.37352279303089e-12
1.52539160875651e-12,2.38364801303664e-12
1.52782079777443e-12,2.39380392820782e-12
1.53025468947153e-12,2.40399054259403e-12
1.5326932957677e-12,2.4142078593689e-12
1.53513662856536e-12,2.42445588082013e-12
1.53758469974695e-12,2.43473460833962e-12
1.54003752117225e-12,2.44504404241356e-12
1.54249510467569e-12,2.45538418261243e-12
1.54495746206347e-12,2.46575502758114e-12
1.54742460511072e-12,2.47615657502909e-12
1.54989654555842e-12,2.48658882172021e-12
1.55237329511041e-12,2.49705176346311e-12
1.55485486543013e-12,2.50754539510112e-12
1.55734126813737e-12,2.51806971050248e-12
1.55983251480495e-12,2.52862470255043e-12
1.56232861695522e-12,2.53921036313341e-12
1.56482958605656e-12,2.5498266831353e-12
1.5673354335197e-12,2.56047365242561e-12
1.56984617069405e-12,2.5711512598498e-12
1.57236180886383e-12,2.58185949321962e-12
1.57488235924423e-12,2.59259833930349e-12
1.57740783297732e-12,2.60336778381693e-12
1.57993824112807e-12,2.6141678114131e-12
1.58247359468005e-12,2.62499840567334e-12
1.58501390453124e-12,2.63585954909784e-12
1.58755918148965e-12,2.64675122309634e-12
1.59010943626881e-12,2.65767340797897e-12
1.59266467948331e-12,2.66862608294709e-12
1.59522492164408e-12,2.67960922608435e-12
1.5977901731537e-12,2.69062281434773e-12
1.60036044430158e-12,2.70166682355873e-12
1.60293574525904e-12,2.7127412283947e-12
1.60551608607429e-12,2.72384600238024e-12
1.60810147666739e-12,2.73498111787878e-12
1.61069192682503e-12,2.74614654608416e-12
1.61328744619527e-12,2.75734225701257e-12
1.6158880442822e-12,2.76856821949437e-12
1.6184937304405e-12,2.77982440116628e-12
1.62110451386988e-12,2.79111076846354e-12
1.62372040360951e-12,2.80242728661238e-12
1.62634140853227e-12,2.81377391962256e-12
1.62896753733904e-12,2.82515063028012e-12
1.63159879855273e-12,2.83655738014026e-12
1.63423520051243e-12,2.84799412952052e-12
1.63687675136733e-12,2.85946083749403e-12
1.6395234590706e-12,2.87095746188296e-12
1.6421753313732e-12,2.88248395925229e-12
1.64483237581765e-12,2.89404028490368e-12
1.64749459973161e-12,2.90562639286957e-12
1.6501620102215e-12,2.91724223590758e-12
1.652834614166e-12,2.92888776549503e-12
1.65551241820944e-12,2.94056293182381e-12
1.65819542875517e-12,2.95226768379539e-12
1.66088365195883e-12,2.96400196901618e-12
1.66357709372158e-12,2.97576573379303e-12
1.66627575968319e-12,2.98755892312915e-12
1.66897965521512e-12,2.99938148072013e-12
1.67168878541357e-12,3.01123334895037e-12
1.67440315509236e-12,3.02311446888977e-12
1.67712276877582e-12,3.03502478029067e-12
1.67984763069161e-12,3.04696422158505e-12
1.68257774476343e-12,3.0589327298822e-12
1.68531311460377e-12,3.07093024096658e-12
1.6880537435065e-12,3.08295668929596e-12
1.69079963443946e-12,3.09501200800003e-12
1.69355079003696e-12,3.10709612887922e-12
1.69630721259231e-12,3.11920898240394e-12
1.69906890405015e-12,3.1313504977141e-12
1.70183586599892e-12,3.14352060261908e-12
1.7046080996631e-12,3.15571922359794e-12
1.70738560589554e-12,3.16794628580015e-12
1.71016838516967e-12,3.18020171304652e-12
1.71295643757173e-12,3.19248542783068e-12
1.71574976279288e-12,3.20479735132089e-12
1.71854836012137e-12,3.21713740336218e-12
1.72135222843459e-12,3.22950550247899e-12
1.72416136619114e-12,3.2419015658782e-12
1.72697577142285e-12,3.25432550945254e-12
1.72979544172677e-12,3.26677724778444e-12
1.73262037425716e-12,3.27925669415038e-12
1.73545056571741e-12,3.29176376052559e-12
1.73828601235199e-12,3.30429835758919e-12
1.74112670993833e-12,3.31686039472989e-12
1.74397265377875e-12,3.32944978005206e-12
1.74682383869229e-12,3.34206642038226e-12
1.74968025900659e-12,3.3547102212763e-12
1.75254190854978e-12,3.36738108702676e-12
1.75540878064229e-12,3.38007892067093e-12
1.75828086808869e-12,3.39280362399937e-12
1.7611581631696e-12,3.40555509756483e-12
1.76404065763343e-12,3.41833324069177e-12
1.76692834268831e-12,3.43113795148637e-12
1.76982120899394e-12,3.443969126847e-12
1.77271924665341e-12,3.4568266624753e-12
1.77562244520512e-12,3.46971045288775e-12
1.77853079361465e-12,3.48262039142771e-12
1.78144428026667e-12,3.49555637027812e-12
1.78436289295687e-12,3.50851828047467e-12
1.78728661888394e-12,3.5215060119195e-12
1.79021544464148e-12,3.53451945339554e-12
1.79314935621008e-12,3.54755849258131e-12
1.79608833894933e-12,3.56062301606637e-12
1.79903237758986e-12,3.57371290936732e-12
1.8019814562255e-12,3.58682805694434e-12
1.8049355583054e-12,3.59996834221832e-12
1.80789466662622e-12,3.61313364758863e-12
1.8108587633244e-12,3.62632385445146e-12
1.8138278298684e-12,3.63953884321863e-12
1.8168018470511e-12,3.65277849333727e-12
1.81978079498214e-12,3.66604268330978e-12
1.82276465308038e-12,3.67933129071468e-12
1.82575340006645e-12,3.69264419222786e-12
1.82874701395532e-12,3.70598126364459e-12
1.83174547204889e-12,3.71934237990207e-12
1.83474875092878e-12,3.73272741510261e-12
1.83775682644908e-12,3.7461362425375e-12
1.84076967372922e-12,3.75956873471137e-12
1.84378726714691e-12,3.77302476336738e-12
1.84680958033117e-12,3.78650419951281e-12
1.84983658615548e-12,3.80000691344553e-12
1.85286825673089e-12,3.81353277478087e-12
1.85590456339943e-12,3.82708165247937e-12
1.8589454767274e-12,3.84065341487494e-12
1.86199096649891e-12,3.85424792970385e-12
1.86504100170945e-12,3.86786506413427e-12
1.86809555055958e-12,3.88150468479647e-12
1.87115458044874e-12,3.89516665781372e-12
1.87421805796915e-12,3.90885084883379e-12
1.87728594889982e-12,3.92255712306107e-12
1.88035821820073e-12,3.93628534528946e-12
1.88343483000704e-12,3.95003537993579e-12
1.88651574762349e-12,3.96380709107395e-12
1.88960093351893e-12,3.97760034246969e-12
1.89269034932091e-12,3.99141499761606e-12
1.89578395581049e-12,4.00525091976943e-12
1.89888171291713e-12,4.0191079719863e-12
1.90198357971369e-12,4.03298601716063e-12
1.9050895144117e-12,4.04688491806192e-12
1.90819947435658e-12,4.0608045373739e-12
1.91131341602318e-12,4.07474473773382e-12
1.91443129501139e-12,4.08870538177246e-12
1.91755306604191e-12,4.10268633215477e-12
1.92067868295217e-12,4.11668745162115e-12
1.9238080986924e-12,4.13070860302928e-12
1.92694126532195e-12,4.14474964939675e-12
1.93007813400562e-12,4.15881045394419e-12
1.93321865501028e-12,4.17289088013912e-12
1.93636277770164e-12,4.18699079174037e-12
1.93951045054113e-12,4.20111005284312e-12
1.94266162108301e-12,4.21524852792461e-12
1.94581623597168e-12,4.22940608189045e-12
1.94897424093908e-12,4.24358258012147e-12
1.95213558080239e-12,4.25777788852133e-12
1.9553001994618e-12,4.27199187356454e-12
1.95846803989856e-12,4.28622440234528e-12
1.96163904417317e-12,4.30047534262662e-12
1.9648131534238e-12,4.31474456289043e-12
1.96799030786486e-12,4.32903193238795e-12
1.97117044678579e-12,4.34333732119067e-12
1.9743535085501e-12,4.35766060024207e-12
1.97753943059452e-12,4.3720016414098e-12
1.98072814942841e-12,4.38636031753831e-12
1.98391960063342e-12,4.40073650250223e-12
1.98711371886324e-12,4.4151300712601e-12
1.99031043784368e-12,4.4295408999088e-12
1.99350969037294e-12,4.44396886573834e-12
1.996711408322e-12,4.45841384728727e-12
1.99991552263539e-12,4.47287572439858e-12
2.00312196333204e-12,4.48735437827606e-12
2.00633065950642e-12,4.50184969154119e-12
2.00954153932993e-12,4.5163615482905e-12
2.01275453005241e-12,4.53088983415333e-12
2.01596955800403e-12,4.54543443635019e-12
2.01918654859725e-12,4.55999524375137e-12
2.02240542632916e-12,4.57457214693627e-12
2.02562611478393e-12,4.58916503825279e-12
2.0288485366356e-12,4.60377381187749e-12
2.03207261365098e-12,4.61839836387589e-12
2.03529826669296e-12,4.63303859226334e-12
2.03852541572392e-12,4.6476943970662e-12
2.04175397980938e-12,4.66236568038329e-12
2.04498387712203e-12,4.67705234644794e-12
2.04821502494583e-12,4.69175430169009e-12
2.05144733968049e-12,4.706471454799e-12
2.05468073684611e-12,4.72120371678604e-12
2.05791513108813e-12,4.73595100104794e-12
2.06115043618245e-12,4.75071322343025e-12
2.06438656504092e-12,4.76549030229113e-12
2.06762342971693e-12,4.78028215856532e-12
2.07086094141137e-12,4.79508871582848e-12
2.07409901047881e-12,4.80990990036163e-12
2.07733754643387e-12,4.82474564121587e-12
2.08057645795797e-12,4.83959587027736e-12
2.08381565290616e-12,4.85446052233232e-12
2.08705503831442e-12,4.86933953513239e-12
2.09029452040699e-12,4.88423284946002e-12
2.0935340046041e-12,4.89914040919403e-12
2.09677339552995e-12,4.9140621613753e-12
2.10001259702084e-12,4.92899805627257e-12
2.1032515121337e-12,4.94394804744832e-12
2.10649004315473e-12,4.9589120918246e-12
2.10972809160842e-12,4.97389014974926e-12
2.11296555826675e-12,4.98888218506173e-12
2.11620234315865e-12,5.00388816515926e-12
2.11943834557978e-12,5.01890806106283e-12
2.12267346410241e-12,5.03394184748325e-12
2.12590759658582e-12,5.04898950288713e-12
2.12914064018662e-12,5.06405100956282e-12
2.13237249136962e-12,5.07912635368622e-12
2.13560304591878e-12,5.09421552538661e-12
2.13883219894842e-12,5.10931851881219e-12
2.14205984491479e-12,5.12443533219568e-12
2.14528587762779e-12,5.13956596791968e-12
2.14851019026293e-12,5.15471043258174e-12
2.15173267537364e-12,5.16986873705949e-12
2.15495322490371e-12,5.18504089657527e-12
2.15817173020005e-12,5.2002269307608e-12
2.16138808202565e-12,5.21542686372136e-12
2.16460217057286e-12,5.23064072409985e-12
2.16781388547676e-12,5.24586854514046e-12
2.17102311582897e-12,5.26111036475213e-12
2.1742297501915e-12,5.27636622557149e-12
2.17743367661101e-12,5.29163617502568e-12
2.18063478263315e-12,5.30692026539458e-12
2.18383295531726e-12,5.32221855387268e-12
2.18702808125123e-12,5.33753110263068e-12
2.19022004656662e-12,5.35285797887641e-12
2.19340873695394e-12,5.36819925491549e-12
2.1965940376783e-12,5.38355500821132e-12
2.19977583359512e-12,5.39892532144474e-12
2.20295400916613e-12,5.4143102825729e-12
2.20612844847564e-12,5.42970998488796e-12
2.20929903524693e-12,5.4451245270748e-12
2.21246565285891e-12,5.46055401326836e-12
2.21562818436299e-12,5.47599855311036e-12
2.21878651250009e-12,5.49145826180526e-12
2.221940519718e-12,5.50693326017569e-12
2.22509008818875e-12,5.52242367471702e-12
2.22823509982635e-12,5.53792963765138e-12
2.23137543630461e-12,5.55345128698083e-12
2.23451097907523e-12,5.56898876653994e-12
2.23764160938601e-12,5.58454222604726e-12
2.24076720829927e-12,5.60011182115636e-12
2.24388765671055e-12,5.61569771350585e-12
2.24700283536726e-12,5.63130007076852e-12
2.25011262488781e-12,5.64691906669977e-12
2.25321690578058e-12,5.6625548811849e-12
2.25631555846336e-12,5.67820770028583e-12
2.25940846328273e-12,5.69387771628647e-12
2.26249550053376e-12,5.70956512773755e-12
2.26557655047976e-12,5.72527013950014e-12
2.26865149337221e-12,5.74099296278833e-12
2.2717202094709e-12,5.75673381521084e-12
2.27478257906407e-12,5.77249292081159e-12
2.27783848248889e-12,5.78827051010918e-12
2.28088780015189e-12,5.80406682013536e-12
2.28393041254966e-12,5.81988209447233e-12
2.28696620028956e-12,5.83571658328873e-12
2.28999504411065e-12,5.85157054337492e-12
2.29301682490468e-12,5.86744423817661e-12
2.29603142373723e-12,5.88333793782757e-12
2.29903872186893e-12,5.89925191918108e-12
2.30203860077677e-12,5.91518646584e-12
2.3050309421756e-12,5.93114186818585e-12
2.30801562803961e-12,5.94711842340635e-12
2.31099254062393e-12,5.96311643552179e-12
2.3139615624864e-12,5.97913621541007e-12
2.31692257650928e-12,5.99517808083038e-12
2.31987546592119e-12,6.01124235644553e-12
2.32282011431895e-12,6.02732937384295e-12
2.32575640568962e-12,6.04343947155418e-12
2.32868422443256e-12,6.05957299507314e-12
2.3316034553815e-12,6.07573029687272e-12
2.3345139838267e-12,6.09191173642014e-12
