8.01512933920337e-13,1.23605949656134e-12
8.02797545162285e-13,1.24150327095098e-12
8.04096193207906e-13,1.24694707782752e-12
8.05408959097861e-13,1.25239055199278e-12
8.06735925103462e-13,1.25783332111216e-12
8.08077174688694e-13,1.26327500535783e-12
8.09432792464367e-13,1.26871521704425e-12
8.10802864134254e-13,1.27415356025668e-12
8.12187476433029e-13,1.27958963047299e-12
8.13586717055958e-13,1.28502301417949e-12
8.15000674580152e-13,1.29045328848142e-12
8.16429438377315e-13,1.29588002070853e-12
8.17873098517914e-13,1.30130276801652e-12
8.1933174566666e-13,1.30672107698501e-12
8.2080547096926e-13,1.31213448321265e-12
8.22294365930402e-13,1.3175425109101e-12
8.23798522282915e-13,1.32294467249173e-12
8.25318031848125e-13,1.3283404681666e-12
8.26852986387348e-13,1.33372938552962e-12
8.28403477444607e-13,1.33911089915363e-12
8.29969596180536e-13,1.34448447018328e-12
8.31551433197546e-13,1.34984954593144e-12
8.33149078356324e-13,1.355205559479e-12
8.3476262058372e-13,1.36055192927906e-12
8.363921476721e-13,1.36588805876608e-12
8.38037746070335e-13,1.37121333597127e-12
8.39699500666478e-13,1.37652713314472e-12
8.41377494562313e-13,1.38182880638546e-12
8.43071808839929e-13,1.38711769528027e-12
8.44782522320465e-13,1.39239312255204e-12
8.46509711315261e-13,1.39765439371884e-12
8.48253449369573e-13,1.40290079676445e-12
8.50013806999113e-13,1.40813160182133e-12
8.51790851419608e-13,1.41334606086698e-12
8.53584646269684e-13,1.41854340743464e-12
8.55395251327302e-13,1.42372285633922e-12
8.57222722220027e-13,1.42888360341939e-12
8.59067110129472e-13,1.43402482529683e-12
8.60928461490189e-13,1.43914567915344e-12
8.62806817683325e-13,1.4442453025275e-12
8.64702214725457e-13,1.44932281312972e-12
8.66614682952858e-13,1.45437730867994e-12
8.68544246701658e-13,1.45940786676544e-12
8.70490923984223e-13,1.46441354472176e-12
8.72454726162155e-13,1.46939337953679e-12
8.74435657616361e-13,1.47434638777903e-12
8.76433715414555e-13,1.47927156555075e-12
8.7844888897665e-13,1.48416788846693e-12
8.80481159738485e-13,1.48903431166069e-12
8.82530500814342e-13,1.49386976981601e-12
8.84596876658667e-13,1.49867317722828e-12
8.86680242727561e-13,1.50344342789373e-12
8.88780545140398e-13,1.50817939562792e-12
8.90897720342169e-13,1.51287993421437e-12
8.9303169476697e-13,1.51754387758365e-12
8.95182384503176e-13,1.52217004002361e-12
8.97349694960774e-13,1.52675721642122e-12
8.99533520541417e-13,1.53130418253658e-12
9.01733744311661e-13,1.53580969530956e-12
9.03950237679931e-13,1.54027249319934e-12
9.06182860077759e-13,1.54469129655752e-12
9.08431458645787e-13,1.54906480803481e-12
9.10695867925065e-13,1.55339171302186e-12
9.12975909554222e-13,1.55767068012434e-12
9.15271391972971e-13,1.56190036167251e-12
9.17582110132508e-13,1.56607939426548e-12
9.19907845213384e-13,1.57020639935022e-12
9.22248364351255e-13,1.57427998383546e-12
9.24603420371156e-13,1.57829874074041e-12
9.26972751530757e-13,1.58226124987839e-12
9.2935608127312e-13,1.58616607857518e-12
9.31753117989466e-13,1.59001178242202e-12
9.34163554792492e-13,1.59379690606313e-12
9.36587069300678e-13,1.59751998401737e-12
9.39023323434111e-13,1.60117954153395e-12
9.41471963222315e-13,1.60477409548172e-12
9.4393261862452e-13,1.60830215527171e-12
9.46404903362866e-13,1.61176222381246e-12
9.4888841476899e-13,1.61515279849767e-12
9.51382733644431e-13,1.61847237222565e-12
9.5388742413524e-13,1.62171943444986e-12
9.56402033621331e-13,1.62489247226006e-12
9.58926092620808e-13,1.62798997149324e-12
9.61459114709798e-13,1.63101041787359e-12
9.64000596458092e-13,1.63395229818083e-12
9.66550017380951e-13,1.63681410144579e-12
9.69106839907452e-13,1.63959432017266e-12
9.71670509365661e-13,1.6422914515866e-12
9.74240453984966e-13,1.64490399890605e-12
9.76816084915842e-13,1.64743047263837e-12
9.79396796267317e-13,1.64986939189791e-12
9.81981965162402e-13,1.65221928574528e-12
9.84570951811689e-13,1.65447869454663e-12
9.87163099605373e-13,1.65664617135172e-12
9.89757735223817e-13,1.65872028328938e-12
9.92354168766887e-13,1.66069961297921e-12
9.94951693902183e-13,1.66258275995802e-12
9.97549588032273e-13,1.6643683421196e-12
1.00014711248104e-12,1.66605499716639e-12
1.00274351269926e-12,1.66764138407165e-12
1.00533801848935e-12,1.66912618455039e-12
1.00792984424947e-12,1.67050810453769e-12
1.01051818923686e-12,1.6717858756728e-12
1.01310223785047e-12,1.67295825678728e-12
1.01568115993278e-12,1.67402403539564e-12
1.01825411109078e-12,1.67498202918674e-12
1.02082023303605e-12,1.67583108751432e-12
1.02337865394376e-12,1.67657009288484e-12
1.02592848883045e-12,1.67719796244097e-12
1.02846883995048e-12,1.67771364943889e-12
1.03099879721094e-12,1.67811614471773e-12
1.03351743860475e-12,1.67840447815919e-12
1.03602383066181e-12,1.67857772013571e-12
1.0385170289178e-12,1.6786349829453e-12
1.04099607840047e-12,1.67857542223111e-12
1.04346001413308e-12,1.67839823838414e-12
1.04590786165451e-12,1.67810267792703e-12
1.04833863755594e-12,1.67768803487728e-12
1.05075135003341e-12,1.67715365208793e-12
1.05314499945618e-12,1.67649892256401e-12
1.05551857895009e-12,1.67572329075282e-12
1.05787107499582e-12,1.67482625380644e-12
1.06020146804134e-12,1.67380736281435e-12
1.06250873312811e-12,1.67266622400482e-12
1.06479184053051e-12,1.67140249991285e-12
1.06704975640807e-12,1.67001591051335e-12
1.06928144346971e-12,1.66850623431754e-12
1.07148586164961e-12,1.66687330943107e-12
1.07366196879403e-12,1.66511703457213e-12
1.07580872135843e-12,1.66323737004786e-12
1.07792507511434e-12,1.66123433868766e-12
1.08000998586525e-12,1.65910802673159e-12
1.08206241017089e-12,1.65685858467263e-12
1.08408130607916e-12,1.654486228051e-12
1.08606563386513e-12,1.65199123819941e-12
1.08801435677625e-12,1.64937396293759e-12
1.08992644178312e-12,1.64663481721502e-12
1.09180086033511e-12,1.64377428370027e-12
1.09363658911994e-12,1.64079291331601e-12
1.09543261082668e-12,1.63769132571825e-12
1.09718791491118e-12,1.63447020971885e-12
1.09890149836327e-12,1.63113032365017e-12
1.10057236647488e-12,1.62767249567079e-12
1.10219953360839e-12,1.62409762401148e-12
1.10378202396425e-12,1.62040667716043e-12
1.10531887234717e-12,1.6166006939869e-12
1.10680912493007e-12,1.61268078380268e-12
1.10825184001494e-12,1.60864812636052e-12
1.10964608878977e-12,1.60450397178901e-12
1.11099095608081e-12,1.60024964046327e-12
1.11228554109926e-12,1.59588652281117e-12
1.11352895818167e-12,1.59141607905445e-12
1.11472033752312e-12,1.58683983888459e-12
1.11585882590249e-12,1.58215940107311e-12
1.11694358739886e-12,1.57737643301615e-12
1.11797380409847e-12,1.57249267021326e-12
1.11894867679118e-12,1.5675099156804e-12
1.11986742565583e-12,1.56243003929711e-12
1.1207292909337e-12,1.55725497708821e-12
1.12153353358915e-12,1.55198673044005e-12
1.12227943595694e-12,1.54662736525172e-12
1.1229663023752e-12,1.54117901102166e-12
1.12359345980356e-12,1.53564385986999e-12
1.12416025842553e-12,1.53002416549739e-12
1.12466607223459e-12,1.52432224208072e-12
1.12511029960309e-12,1.51854046310662e-12
1.12549236383354e-12,1.51268126014346e-12
1.12581171369139e-12,1.5067471215528e-12
1.12606782391886e-12,1.50074059114108e-12
1.12626019572905e-12,1.49466426675284e-12
1.12638835727975e-12,1.48852079880624e-12
1.12645186412653e-12,1.48231288877248e-12
1.12645029965432e-12,1.47604328759995e-12
1.12638327548707e-12,1.46971479408485e-12
1.12625043187503e-12,1.46333025318932e-12
1.12605143805896e-12,1.45689255430884e-12
1.12578599261107e-12,1.45040462949039e-12
1.12545382375201e-12,1.44386945160277e-12
1.12505468964367e-12,1.43729003246116e-12
1.12458837865732e-12,1.4306694209073e-12
1.12405470961669e-12,1.4240107008473e-12
1.1234535320158e-12,1.41731698924897e-12
1.12278472621105e-12,1.41059143410044e-12
1.12204820358749e-12,1.40383721233222e-12
1.12124390669887e-12,1.39705752770475e-12
1.12037180938128e-12,1.39025560866333e-12
1.11943191684029e-12,1.38343470616283e-12
1.11842426571132e-12,1.37659809146423e-12
1.11734892409315e-12,1.36974905390529e-12
1.1162059915545e-12,1.36289089864747e-12
1.11499559911361e-12,1.35602694440173e-12
1.11371790919072e-12,1.34916052113516e-12
1.11237311553352e-12,1.34229496776123e-12
1.11096144311561e-12,1.33543362981573e-12
1.10948314800796e-12,1.32857985712109e-12
1.10793851722347e-12,1.32173700144135e-12
1.10632786853483e-12,1.31490841413041e-12
1.10465155026577e-12,1.30809744377606e-12
1.10290994105586e-12,1.3013074338421e-12
1.10110344959913e-12,1.29454172031139e-12
1.09923251435677e-12,1.28780362933213e-12
1.09729760324407e-12,1.28109647486994e-12
1.09529921329206e-12,1.27442355636843e-12
1.09323787028409e-12,1.26778815642055e-12
1.09111412836774e-12,1.26119353845355e-12
1.08892856964244e-12,1.2546429444297e-12
1.08668180372322e-12,1.24813959256566e-12
1.08437446728113e-12,1.24168667507274e-12
1.08200722356066e-12,1.23528735592057e-12
1.07958076187475e-12,1.22894476862672e-12
1.07709579707795e-12,1.22266201407453e-12
1.07455306901822e-12,1.21644215836177e-12
1.07195334196799e-12,1.21028823068224e-12
1.06929740403506e-12,1.2042032212428e-12
1.06658606655402e-12,1.19819007921806e-12
1.0638201634588e-12,1.19225171074501e-12
1.061000550637e-12,1.18639097695968e-12
1.0581281052668e-12,1.18061069207816e-12
1.05520372513704e-12,1.17491362152383e-12
1.05222832795129e-12,1.1693024801031e-12
1.04920285061663e-12,1.16377993023146e-12
1.04612824851793e-12,1.15834858021184e-12
1.04300549477842e-12,1.15301098256712e-12
1.03983557950726e-12,1.14776963242859e-12
1.03661950903513e-12,1.14262696598205e-12
1.03335830513848e-12,1.13758535897333e-12
1.03005300425335e-12,1.13264712527461e-12
1.02670465667963e-12,1.12781451551321e-12
1.02331432577664e-12,1.12308971576426e-12
1.01988308715083e-12,1.11847484630842e-12
1.01641202783659e-12,1.11397196045629e-12
1.01290224547094e-12,1.10958304344022e-12
1.00935484746306e-12,1.10531001137503e-12
1.00577095015964e-12,1.10115471028841e-12
1.00215167800671e-12,1.09711891522195e-12
9.98498162709172e-13,1.09320432940385e-12
9.94811542388658e-13,1.08941258349362e-12
9.91092960740797e-13,1.08574523489989e-12
9.87343566192723e-13,1.08220376717157e-12
9.83564511061738e-13,1.07878958946299e-12
9.79756950716034e-13,1.0755040360732e-12
9.75922042738344e-13,1.07234836605997e-12
9.72060946093452e-13,1.06932376292843e-12
9.68174820300421e-13,1.06643133439455e-12
9.64264824610355e-13,1.06367211222336e-12
9.60332117190682e-13,1.06104705214195e-12
9.56377854316676e-13,1.05855703382684e-12
9.52403189571157e-13,1.0562028609656e-12
9.48409273053127e-13,1.05398526139214e-12
9.44397250596227e-13,1.05190488729535e-12
9.40368262997716e-13,1.04996231550038e-12
9.36323445258876e-13,1.04815804782195e-12
9.32263925837487e-13,1.0464925114888e-12
9.2819082591323e-13,1.04496605963858e-12
9.24105258666649e-13,1.04357897188211e-12
9.20008328572461e-13,1.04233145493593e-12
9.15901130707872e-13,1.04122364332213e-12
9.11784750076517e-13,1.04025560013416e-12
9.07660260948815e-13,1.03942731786727e-12
9.03528726219145e-13,1.03873871931234e-12
8.99391196780667e-13,1.03818965851147e-12
8.95248710918196e-13,1.0377799217739e-12
8.91102293719755e-13,1.03750922875061e-12
8.86952956507308e-13,1.03737723356585e-12
8.82801696287206e-13,1.03738352600394e-12
8.78649495220708e-13,1.0375276327494e-12
8.74497320115205e-13,1.03780901867862e-12
8.70346121936318e-13,1.038227088201e-12
8.66196835341507e-13,1.03878118664763e-12
8.62050378235338e-13,1.03947060170536e-12
8.57907651346859e-13,1.04029456489423e-12
8.53769537829339e-13,1.04125225308595e-12
8.49636902882622e-13,1.04234279006126e-12
8.45510593398341e-13,1.04356524810398e-12
8.41391437628255e-13,1.04491864962928e-12
8.37280244875749e-13,1.04640196884394e-12
8.33177805210792e-13,1.04801413343616e-12
8.2908488920834e-13,1.04975402629253e-12
8.25002247710346e-13,1.05162048723971e-12
8.20930611611404e-13,1.05361231480837e-12
8.16870691667982e-13,1.05572826801682e-12
8.12823178331394e-13,1.05796706817206e-12
8.08788741604233e-13,1.06032740068544e-12
8.04768030920429e-13,1.06280791690062e-12
8.0076167504865e-13,1.06540723593129e-12
7.96770282019015e-13,1.06812394650602e-12
7.92794439072894e-13,1.07095660881783e-12
7.8883471263566e-13,1.07390375637594e-12
7.84891648312086e-13,1.07696389785718e-12
7.80965770904248e-13,1.0801355189546e-12
7.77057584451532e-13,1.08341708422074e-12
7.73167572292557e-13,1.08680703890333e-12
7.69296197148578e-13,1.09030381077069e-12
7.65443901228053e-13,1.0939058119247e-12
7.61611106352037e-13,1.09761144059888e-12
7.57798214099858e-13,1.10141908293924e-12
7.54005605974819e-13,1.10532711476574e-12
7.50233643589279e-13,1.10933390331192e-12
7.464826688688e-13,1.11343780894078e-12
7.42753004274698e-13,1.11763718683452e-12
