2.59555467546927e-12,2.32697684878751e-12
2.59275487191851e-12,2.32184049528881e-12
2.58991604234468e-12,2.31668962477785e-12
2.58703885864658e-12,2.31152545713556e-12
2.58412399305798e-12,2.30634920175127e-12
2.58117211790677e-12,2.30116205717316e-12
2.57818390537667e-12,2.29596521076725e-12
2.57516002727148e-12,2.29075983838507e-12
2.57210115478193e-12,2.28554710404001e-12
2.56900795825554e-12,2.28032815959271e-12
2.56588110696908e-12,2.27510414444533e-12
2.56272126890418e-12,2.26987618524509e-12
2.55952911052598e-12,2.264645395597e-12
2.55630529656486e-12,2.25941287578597e-12
2.55305048980146e-12,2.2541797125083e-12
2.549765350855e-12,2.24894697861285e-12
2.54645053797501e-12,2.2437157328517e-12
2.54310670683651e-12,2.23848701964062e-12
2.5397345103388e-12,2.23326186882918e-12
2.53633459840782e-12,2.2280412954809e-12
2.53290761780224e-12,2.22282629966311e-12
2.52945421192325e-12,2.21761786624679e-12
2.52597502062833e-12,2.21241696471654e-12
2.52247068004873e-12,2.20722454899042e-12
2.51894182241104e-12,2.20204155724989e-12
2.51538907586267e-12,2.19686891177989e-12
2.51181306430148e-12,2.19170751881902e-12
2.50821440720948e-12,2.1865582684197e-12
2.50459371949066e-12,2.18142203431868e-12
2.5009516113131e-12,2.17629967381743e-12
2.4972886879553e-12,2.17119202767286e-12
2.49360554965674e-12,2.16609991999792e-12
2.48990279147291e-12,2.16102415817246e-12
2.48618100313454e-12,2.15596553276406e-12
2.48244076891135e-12,2.15092481745879e-12
2.47868266748017e-12,2.14590276900213e-12
2.47490727179746e-12,2.14090012714963e-12
2.47111514897646e-12,2.13591761462756e-12
2.4673068601686e-12,2.13095593710333e-12
2.46348296044966e-12,2.12601578316564e-12
2.45964399871026e-12,2.12109782431438e-12
2.45579051755099e-12,2.11620271496e-12
2.45192305318208e-12,2.11133109243257e-12
2.44804213532755e-12,2.10648357700008e-12
2.444148287134e-12,2.10166077189624e-12
2.44024202508391e-12,2.09686326335737e-12
2.4363238589135e-12,2.09209162066856e-12
2.43239429153509e-12,2.08734639621867e-12
2.42845381896413e-12,2.08262812556442e-12
2.42450293025058e-12,2.07793732750309e-12
2.42054210741498e-12,2.07327450415395e-12
2.41657182538888e-12,2.06864014104822e-12
2.41259255195987e-12,2.06403470722733e-12
2.40860474772095e-12,2.05945865534952e-12
2.4046088660245e-12,2.05491242180442e-12
2.40060535294046e-12,2.05039642683565e-12
2.39659464721912e-12,2.04591107467116e-12
2.39257718025806e-12,2.04145675366122e-12
2.38855337607357e-12,2.0370338364238e-12
2.38452365127627e-12,2.03264267999734e-12
2.38048841505099e-12,2.02828362600053e-12
2.37644806914091e-12,2.02395700079911e-12
2.3724030078358e-12,2.01966311567937e-12
2.36835361796445e-12,2.01540226702829e-12
2.36430027889112e-12,2.01117473651996e-12
2.36024336251608e-12,2.00698079130831e-12
2.35618323328006e-12,2.00282068422579e-12
2.35212024817269e-12,1.99869465398787e-12
2.34805475674481e-12,1.99460292540312e-12
2.34398710112452e-12,1.99054570958872e-12
2.3399176160371e-12,1.98652320419122e-12
2.33584662882855e-12,1.98253559361218e-12
2.33177445949281e-12,1.97858304923871e-12
2.32770142070249e-12,1.97466572967854e-12
2.32362781784326e-12,1.97078378099943e-12
2.31955394905147e-12,1.96693733697281e-12
2.31548010525532e-12,1.96312651932124e-12
2.31140657021929e-12,1.95935143796971e-12
2.30733362059172e-12,1.95561219130033e-12
2.30326152595571e-12,1.95190886641041e-12
2.29919054888296e-12,1.94824153937349e-12
2.29512094499072e-12,1.94461027550332e-12
2.29105296300163e-12,1.94101512962033e-12
2.28698684480645e-12,1.93745614632066e-12
2.28292282552958e-12,1.93393336024722e-12
2.27886113359726e-12,1.93044679636277e-12
2.27480199080836e-12,1.92699647022475e-12
2.27074561240786e-12,1.92358238826158e-12
2.26669220716259e-12,1.9202045480503e-12
2.26264197743953e-12,1.91686293859522e-12
2.25859511928628e-12,1.91355754060744e-12
2.25455182251383e-12,1.9102883267851e-12
2.25051227078138e-12,1.90705526209388e-12
2.24647664168332e-12,1.90385830404782e-12
2.24244510683799e-12,1.90069740299011e-12
2.23841783197855e-12,1.89757250237362e-12
2.23439497704538e-12,1.89448353904101e-12
2.23037669628039e-12,1.89143044350421e-12
2.22636313832281e-12,1.888413140223e-12
2.22235444630661e-12,1.88543154788262e-12
2.21835075795926e-12,1.88248557967e-12
2.21435220570192e-12,1.87957514354862e-12
2.21035891675087e-12,1.87670014253172e-12
2.2063710132201e-12,1.87386047495357e-12
2.20238861222505e-12,1.87105603473877e-12
2.19841182598724e-12,1.86828671166927e-12
2.19444076194003e-12,1.86555239164908e-12
2.19047552283496e-12,1.86285295696619e-12
2.18651620684904e-12,1.86018828655188e-12
2.18256290769261e-12,1.85755825623702e-12
2.1786157147178e-12,1.85496273900521e-12
2.1746747130275e-12,1.85240160524269e-12
2.17073998358471e-12,1.84987472298473e-12
2.16681160332223e-12,1.84738195815846e-12
2.16288964525266e-12,1.84492317482189e-12
2.15897417857847e-12,1.84249823539906e-12
2.15506526880221e-12,1.84010700091102e-12
2.15116297783667e-12,1.83774933120269e-12
2.14726736411514e-12,1.8354250851654e-12
2.14337848270126e-12,1.83313412095479e-12
2.1394963853988e-12,1.83087629620427e-12
2.1356211208612e-12,1.82865146823367e-12
2.13175273470052e-12,1.826459494253e-12
2.12789126959615e-12,1.82430023156134e-12
2.12403676540283e-12,1.82217353774054e-12
2.12018925925827e-12,1.82007927084388e-12
2.11634878568982e-12,1.81801728957928e-12
2.11251537672071e-12,1.81598745348729e-12
2.10868906197526e-12,1.81398962311353e-12
2.10486986878338e-12,1.81202366017567e-12
2.10105782228397e-12,1.81008942772463e-12
2.09725294552751e-12,1.80818679030034e-12
2.09345525957746e-12,1.80631561408146e-12
2.08966478361056e-12,1.8044757670295e-12
2.08588153501604e-12,1.802667119027e-12
2.08210552949344e-12,1.80088954200968e-12
2.07833678114931e-12,1.79914291009279e-12
2.07457530259243e-12,1.79742709969131e-12
2.07082110502773e-12,1.79574198963422e-12
2.06707419834868e-12,1.79408746127261e-12
2.06333459122825e-12,1.79246339858176e-12
2.05960229120826e-12,1.79086968825704e-12
2.05587730478725e-12,1.7893062198038e-12
2.05215963750658e-12,1.787772885621e-12
2.04844929403495e-12,1.78626958107883e-12
2.04474627825115e-12,1.78479620459013e-12
2.0410505933251e-12,1.78335265767573e-12
2.03736224179707e-12,1.78193884502375e-12
2.03368122565509e-12,1.78055467454266e-12
2.03000754641046e-12,1.77920005740852e-12
2.02634120517141e-12,1.77787490810602e-12
2.02268220271488e-12,1.77657914446364e-12
2.0190305395562e-12,1.77531268768286e-12
2.015386216017e-12,1.77407546236145e-12
2.01174923229094e-12,1.77286739651099e-12
2.00811958850756e-12,1.77168842156854e-12
2.00449728479398e-12,1.77053847240268e-12
2.00088232133463e-12,1.76941748731381e-12
1.99727469842885e-12,1.768325408029e-12
1.99367441654642e-12,1.7672621796912e-12
1.99008147638099e-12,1.76622775084319e-12
1.98649587890138e-12,1.76522207340609e-12
1.98291762540082e-12,1.76424510265268e-12
1.97934671754396e-12,1.76329679717558e-12
1.97578315741183e-12,1.76237711885041e-12
1.97222694754462e-12,1.76148603279395e-12
1.96867809098234e-12,1.76062350731753e-12
1.96513659130338e-12,1.75978951387574e-12
1.96160245266081e-12,1.75898402701042e-12
1.95807567981666e-12,1.75820702429024e-12
1.95455627817407e-12,1.75745848624596e-12
1.95104425380724e-12,1.75673839630141e-12
1.94753961348932e-12,1.75604674070033e-12
1.94404236471825e-12,1.75538350842933e-12
1.94055251574037e-12,1.75474869113695e-12
1.93707007557208e-12,1.75414228304906e-12
1.93359505401941e-12,1.75356428088067e-12
1.93012746169552e-12,1.7530146837444e-12
1.92666731003616e-12,1.75249349305558e-12
1.9232146113132e-12,1.75200071243435e-12
1.9197693786461e-12,1.75153634760475e-12
1.91633162601149e-12,1.75110040629098e-12
1.91290136825071e-12,1.75069289811105e-12
1.90947862107557e-12,1.75031383446792e-12
1.90606340107213e-12,1.74996322843832e-12
1.90265572570266e-12,1.74964109465934e-12
1.89925561330578e-12,1.74934744921308e-12
1.89586308309483e-12,1.74908230950946e-12
1.8924781551544e-12,1.74884569416721e-12
1.88910085043525e-12,1.74863762289354e-12
1.8857311907474e-12,1.74845811636229e-12
1.88236919875175e-12,1.74830719609101e-12
1.87901489794983e-12,1.74818488431692e-12
1.87566831267227e-12,1.74809120387209e-12
1.87232946806544e-12,1.74802617805793e-12
1.86899839007681e-12,1.74798983051911e-12
1.86567510543872e-12,1.74798218511721e-12
1.86235964165079e-12,1.74800326580406e-12
1.85905202696095e-12,1.74805309649524e-12
1.8557522903451e-12,1.74813170094356e-12
1.85246046148557e-12,1.74823910261293e-12
1.84917657074824e-12,1.74837532455271e-12
1.84590064915852e-12,1.74854038927268e-12
1.84263272837617e-12,1.74873431861881e-12
1.83937284066906e-12,1.74895713365e-12
1.83612101888579e-12,1.74920885451592e-12
1.83287729642734e-12,1.74948950033612e-12
1.82964170721787e-12,1.74979908908063e-12
1.8264142856744e-12,1.75013763745202e-12
1.82319506667585e-12,1.75050516076934e-12
1.81998408553109e-12,1.7509016728538e-12
1.81678137794642e-12,1.75132718591658e-12
1.81358697999212e-12,1.75178171044872e-12
1.81040092806858e-12,1.75226525511344e-12
1.8072232588716e-12,1.7527778266407e-12
1.80405400935734e-12,1.75331942972461e-12
1.8008932167066e-12,1.7538900669233e-12
1.79774091828875e-12,1.75448973856179e-12
1.7945971516252e-12,1.75511844263776e-12
1.7914619543526e-12,1.7557761747304e-12
1.78833536418557e-12,1.75646292791247e-12
1.78521741887944e-12,1.7571786926657e-12
1.78210815619252e-12,1.7579234567996e-12
1.7790076138484e-12,1.75869720537378e-12
1.7759158294981e-12,1.75949992062392e-12
1.77283284068216e-12,1.76033158189149e-12
1.76975868479272e-12,1.76119216555724e-12
1.76669339903568e-12,1.76208164497871e-12
1.76363702039293e-12,1.76299999043159e-12
1.76058958558479e-12,1.76394716905531e-12
1.75755113103248e-12,1.76492314480263e-12
1.75452169282108e-12,1.7659278783937e-12
1.7515013066625e-12,1.76696132727404e-12
1.74849000785901e-12,1.76802344557727e-12
1.74548783126702e-12,1.76911418409199e-12
1.74249481126131e-12,1.77023349023322e-12
1.7395109816997e-12,1.77138130801831e-12
1.73653637588833e-12,1.77255757804752e-12
1.73357102654735e-12,1.773762237489e-12
1.73061496577726e-12,1.77499522006851e-12
1.72766822502591e-12,1.77625645606382e-12
1.72473083505612e-12,1.77754587230368e-12
1.72180282591408e-12,1.77886339217157e-12
1.71888422689833e-12,1.78020893561403e-12
1.71597506652979e-12,1.78158241915387e-12
1.7130753725223e-12,1.78298375590789e-12
1.71018517175427e-12,1.78441285560947e-12
1.70730449024105e-12,1.78586962463569e-12
1.70443335310832e-12,1.7873539660393e-12
1.70157178456634e-12,1.78886577958523e-12
1.69871980788522e-12,1.7904049617917e-12
1.69587744537125e-12,1.79197140597607e-12
1.69304471834413e-12,1.79356500230512e-12
1.69022164711542e-12,1.79518563784995e-12
1.68740825096793e-12,1.79683319664527e-12
1.68460454813633e-12,1.79850755975323e-12
1.68181055578881e-12,1.80020860533147e-12
1.67902629000996e-12,1.80193620870565e-12
1.6762517657848e-12,1.80369024244614e-12
1.67348699698395e-12,1.8054705764488e-12
1.67073199635008e-12,1.80727707802006e-12
1.6679867754856e-12,1.80910961196588e-12
1.66525134484149e-12,1.81096804068464e-12
1.66252571370746e-12,1.81285222426395e-12
1.65980989020341e-12,1.81476202058114e-12
1.65710388127204e-12,1.81669728540749e-12
1.65440769267291e-12,1.81865787251594e-12
1.65172132897764e-12,1.82064363379225e-12
1.64904479356651e-12,1.82265441934953e-12
1.64637808862634e-12,1.82469007764598e-12
1.64372121514967e-12,1.82675045560569e-12
1.64107417293529e-12,1.82883539874253e-12
1.63843696059e-12,1.83094475128674e-12
1.63580957553179e-12,1.83307835631435e-12
1.63319201399423e-12,1.83523605587911e-12
1.6305842710323e-12,1.83741769114709e-12
1.62798634052938e-12,1.83962310253319e-12
1.62539821520564e-12,1.84185212984026e-12
1.62281988662769e-12,1.84410461239994e-12
1.6202513452195e-12,1.84638038921551e-12
1.61769258027464e-12,1.84867929910644e-12
1.61514357996974e-12,1.85100118085451e-12
1.61260433137925e-12,1.85334587335142e-12
1.61007482049138e-12,1.85571321574745e-12
1.60755503222532e-12,1.85810304760148e-12
1.60504495044961e-12,1.86051520903175e-12
1.60254455800186e-12,1.8629495408676e-12
1.60005383670936e-12,1.86540588480152e-12
1.59757276741114e-12,1.86788408354191e-12
1.59510132998097e-12,1.87038398096606e-12
1.59263950335158e-12,1.87290542227307e-12
1.59018726553994e-12,1.87544825413698e-12
1.58774459367357e-12,1.87801232485942e-12
1.58531146401792e-12,1.88059748452197e-12
1.58288785200479e-12,1.88320358513794e-12
1.58047373226175e-12,1.88583048080343e-12
1.57806907864242e-12,1.88847802784736e-12
1.57567386425782e-12,1.89114608498057e-12
1.5732880615085e-12,1.89383451344344e-12
1.57091164211769e-12,1.8965431771524e-12
