3.29319860659282e-13,7.56925791844361e-13
3.30426779582736e-13,7.60807260131804e-13
3.31558430637291e-13,7.64688389246551e-13
3.32714990492841e-13,7.68568868094921e-13
3.33896637819475e-13,7.72448378624855e-13
3.35103553270695e-13,7.76326595559666e-13
3.36335919452926e-13,7.80203186128223e-13
3.37593920880849e-13,7.84077809792198e-13
3.38877743918098e-13,7.87950117970895e-13
3.4018757670287e-13,7.91819753764346e-13
3.4152360905808e-13,7.95686351675333e-13
3.42886032385626e-13,7.99549537330957e-13
3.44275039544471e-13,8.03408927204516e-13
3.45690824712172e-13,8.07264128338405e-13
3.47133583229601e-13,8.11114738068753e-13
3.48603511428583e-13,8.14960343752603e-13
3.50100806442229e-13,8.18800522498397e-13
3.51625665997799e-13,8.22634840900606e-13
3.53178288191882e-13,8.26462854779252e-13
3.54758871247869e-13,8.30284108925274e-13
3.56367613255551e-13,8.3409813685247e-13
3.58004711892852e-13,8.37904460556941e-13
3.59670364129698e-13,8.41702590284945e-13
3.61364765914033e-13,8.45492024309942e-13
3.63088111840077e-13,8.49272248719804e-13
3.64840594798962e-13,8.53042737215075e-13
3.66622405611881e-13,8.56802950919138e-13
3.68433732645968e-13,8.60552338201219e-13
3.70274761413158e-13,8.64290334513146e-13
3.721456741523e-13,8.68016362240728e-13
3.74046649394877e-13,8.71729830570652e-13
3.75977861514678e-13,8.75430135373831e-13
3.7793948026186e-13,8.79116659106e-13
3.79931670281842e-13,8.8278877072654e-13
3.81954590619534e-13,8.86445825636281e-13
3.84008394209448e-13,8.90087165635221e-13
3.86093227352251e-13,8.937121189009e-13
3.88209229178408e-13,8.97319999988339e-13
3.90356531099559e-13,9.00910109852246e-13
3.92535256248318e-13,9.04481735892311e-13
3.94745518907274e-13,9.0803415202232e-13
3.96987423927914e-13,9.11566618763777e-13
3.99261066140329e-13,9.15078383364799e-13
4.01566529754514e-13,9.18568679944834e-13
4.03903887754157e-13,9.22036729665929e-13
4.06273201283843e-13,9.25481740931083e-13
4.08674519030593e-13,9.28902909610257e-13
4.11107876600726e-13,9.32299419294541e-13
4.13573295893057e-13,9.35670441579012e-13
4.16070784469447e-13,9.39015136374629e-13
4.18600334923758e-13,9.4233265224964e-13
4.21161924250328e-13,9.45622126800817e-13
4.23755513213011e-13,9.48882687054786e-13
4.26381045715966e-13,9.52113449899777e-13
4.29038448177286e-13,9.55313522547929e-13
4.31727628906659e-13,9.58482003028363e-13
4.34448477488209e-13,9.61617980711034e-13
4.37200864169716e-13,9.64720536861538e-13
4.39984639259411e-13,9.67788745226724e-13
4.42799632531526e-13,9.70821672651171e-13
4.45645652641843e-13,9.7381837972432e-13
4.48522486554428e-13,9.76777921458131e-13
4.51429898980762e-13,9.79699347995018e-13
4.54367631832517e-13,9.82581705345752e-13
4.57335403689138e-13,9.85424036157015e-13
4.60332909281467e-13,9.88225380508128e-13
4.63359818992627e-13,9.90984776736573e-13
4.66415778377278e-13,9.93701262291657e-13
4.69500407700519e-13,9.96373874615839e-13
4.72613301497516e-13,9.99001652052972e-13
4.7575402815505e-13,1.00158363478281e-12
4.78922129516081e-13,1.00411886578097e-12
4.82117120508449e-13,1.00660639180351e-12
4.85338488798789e-13,1.00904526439527e-12
4.88585694472696e-13,1.01143454092096e-12
4.918581697422e-13,1.01377328561804e-12
4.95155318681509e-13,1.01606057067033e-12
4.98476516992002e-13,1.01829547730114e-12
5.01821111797419e-13,1.02047709688486e-12
5.05188421470087e-13,1.02260453207568e-12
5.08577735489075e-13,1.02467689795225e-12
5.11988314331099e-13,1.02669332317688e-12
5.15419389394902e-13,1.02865295116783e-12
5.18870162959872e-13,1.03055494128351e-12
5.22339808179558e-13,1.03239847001679e-12
5.25827469110722e-13,1.03418273219813e-12
5.293322607785e-13,1.0359069422059e-12
5.32853269278213e-13,1.03757033518227e-12
5.363895519143e-13,1.03917216825302e-12
5.39940137376781e-13,1.04071172174971e-12
5.43504025955643e-13,1.0421883004323e-12
5.47080189793452e-13,1.04360123471073e-12
5.50667573176421e-13,1.04494988186346e-12
5.54265092864176e-13,1.04623362725138e-12
5.57871638458309e-13,1.04745188552517e-12
5.61486072809807e-13,1.04860410182427e-12
5.65107232465403e-13,1.04968975296573e-12
5.68733928152745e-13,1.05070834862096e-12
5.72364945304311e-13,1.05165943247857e-12
5.75999044619905e-13,1.05254258339144e-12
5.79634962667456e-13,1.0533574165061e-12
5.83271412521857e-13,1.05410358437257e-12
5.86907084441484e-13,1.05478077803282e-12
5.90540646581947e-13,1.05538872808592e-12
5.94170745746591e-13,1.05592720572799e-12
5.97796008173231e-13,1.05639602376527e-12
6.01415040356441e-13,1.0567950375983e-12
6.05026429904804e-13,1.05712414617548e-12
6.0862874643232e-13,1.05738329291421e-12
6.12220542483219e-13,1.05757246658788e-12
6.15800354489294e-13,1.05769170217694e-12
6.19366703758886e-13,1.05774108168233e-12
6.2291809749648e-13,1.05772073489968e-12
6.26453029851973e-13,1.0576308401526e-12
6.29969982998447e-13,1.05747162498351e-12
6.33467428237384e-13,1.05724336680044e-12
6.36943827130069e-13,1.05694639347837e-12
6.40397632654022e-13,1.05658108391358e-12
6.43827290383085e-13,1.05614786852978e-12
6.47231239689915e-13,1.05564722973457e-12
6.50607914969436e-13,1.05507970232499e-12
6.53955746881887e-13,1.05444587384108e-12
6.57273163613946e-13,1.05374638486609e-12
6.60558592156497e-13,1.05298192927261e-12
6.63810459597427e-13,1.05215325441326e-12
6.67027194427968e-13,1.05126116125532e-12
6.70207227860884e-13,1.05030650445833e-12
6.73348995158967e-13,1.04929019239391e-12
6.76450936972114e-13,1.04821318710715e-12
6.79511500681316e-13,1.04707650421889e-12
6.82529141747892e-13,1.04588121276856e-12
6.85502325066187e-13,1.04462843499698e-12
6.88429526318046e-13,1.04331934606875e-12
6.91309233327246e-13,1.04195517373423e-12
6.94139947412211e-13,1.04053719793068e-12
6.96920184735152e-13,1.03906675032258e-12
6.99648477645893e-13,1.03754521378126e-12
7.02323376018608e-13,1.03597402180379e-12
7.04943448579683e-13,1.03435465787143e-12
7.07507284224912e-13,1.03268865474791e-12
7.10013493324286e-13,1.03097759371799e-12
7.12460709012595e-13,1.02922310376673e-12
7.14847588464098e-13,1.02742686070001e-12
7.17172814149546e-13,1.02559058620717e-12
7.19435095073817e-13,1.02371604686628e-12
7.2163316799249e-13,1.02180505309313e-12
7.23765798605684e-13,1.01985945803473e-12
7.25831782727528e-13,1.01788115640853e-12
7.27829947429614e-13,1.0158720832883e-12
7.29759152156899e-13,1.01383421283806e-12
7.31618289814481e-13,1.01176955699534e-12
7.33406287823749e-13,1.00968016410505e-12
7.35122109146416e-13,1.00756811750566e-12
7.36764753275054e-13,1.00543553406903e-12
7.38333257188699e-13,1.00328456269567e-12
7.39826696272216e-13,1.00111738276712e-12
7.41244185198141e-13,9.98936202557275e-13
7.42584878769749e-13,9.96743257604421e-13
7.4384797272418e-13,9.94540809046081e-13
7.45032704494495e-13,9.92331141918531e-13
7.46138353929587e-13,9.90116563423152e-13
7.47164243970951e-13,9.8789940116173e-13
7.48109741285352e-13,9.85682001342832e-13
7.48974256852533e-13,9.83466726961654e-13
7.49757246507088e-13,9.81255955955415e-13
7.50458211433826e-13,9.79052079336893e-13
7.51076698615851e-13,9.76857499308248e-13
7.51612301234828e-13,9.74674627357777e-13
7.52064659022794e-13,9.7250588234187e-13
7.52433458565119e-13,9.70353688554841e-13
7.52718433554137e-13,9.68220473788986e-13
7.52919364993179e-13,9.66108667387592e-13
7.53036081350674e-13,9.64020698293286e-13
7.5306845866418e-13,9.61958993094459e-13
7.53016420594214e-13,9.59925974072268e-13
7.52879938427796e-13,9.57924057250835e-13
7.52659031031823e-13,9.55955650453294e-13
7.52353764756266e-13,9.54023151366194e-13
7.51964253287469e-13,9.52128945614964e-13
7.51490657451712e-13,9.50275404852923e-13
7.50933184969426e-13,9.48464884866504e-13
7.50292090160411e-13,9.46699723699136e-13
7.49567673600536e-13,9.44982239796396e-13
7.48760281730464e-13,9.43314730174915e-13
7.47870306416982e-13,9.41699468617448e-13
7.46898184467639e-13,9.4013870389661e-13
7.45844397099415e-13,9.38634658029633e-13
7.44709469362223e-13,9.37189524566478e-13
7.43493969518136e-13,9.35805466913624e-13
7.42198508377253e-13,9.34484616695738e-13
7.4082373859122e-13,9.33229072157474e-13
7.39370353905422e-13,9.32040896607441e-13
7.3783908837104e-13,9.30922116906469e-13
7.36230715518044e-13,9.29874722002132e-13
7.34546047490439e-13,9.28900661511453e-13
7.32785934144956e-13,9.28001844353622e-13
7.30951262114616e-13,9.27180137434535e-13
7.2904295383842e-13,9.26437364384776e-13
7.27061966558711e-13,9.25775304352697e-13
7.25009291287563e-13,9.25195690854069e-13
7.22885951743784e-13,9.24700210679769e-13
7.20693003262008e-13,9.24290502862771e-13
7.18431531675512e-13,9.23968157705751e-13
7.1610265217432e-13,9.23734715870383e-13
7.13707508140259e-13,9.23591667529389e-13
7.11247269960624e-13,9.23540451582292e-13
7.08723133822138e-13,9.23582454935689e-13
7.06136320486952e-13,9.23719011848796e-13
7.03488074052338e-13,9.2395140334484e-13
7.00779660695932e-13,9.2428085668893e-13
6.98012367408176e-13,9.24708544932684e-13
6.95187500713795e-13,9.25235586525999e-13
6.92306385384071e-13,9.2586304499618e-13
6.89370363141668e-13,9.26591928694443e-13
6.8638079135982e-13,9.27423190609819e-13
6.83339041757638e-13,9.28357728250344e-13
6.80246499093322e-13,9.29396383591263e-13
6.77104559857023e-13,9.30539943089929e-13
6.73914630965136e-13,9.31789137766935e-13
6.70678128457731e-13,9.33144643352913e-13
6.67396476200882e-13,9.34607080500379e-13
6.64071104595557e-13,9.36177015059808e-13
6.607034492948e-13,9.37854958419131e-13
6.572949499308e-13,9.39641367905595e-13
6.53847048853538e-13,9.41536647249049e-13
6.50361189882578e-13,9.43541147105376e-13
6.46838817073562e-13,9.45655165638896e-13
6.43281373500964e-13,9.47878949162353e-13
6.39690300058604e-13,9.50212692833064e-13
6.36067034279314e-13,9.52656541403717e-13
6.32413009175271e-13,9.55210590026197e-13
6.28729652100279e-13,9.5787488510678e-13
6.2501838363535e-13,9.60649425210914e-13
6.21280616498897e-13,9.63534162015768e-13
6.1751775448268e-13,9.66529001308621e-13
6.13731191414792e-13,9.69633804029191e-13
6.09922310150681e-13,9.72848387353763e-13
6.06092481593388e-13,9.76172525819143e-13
6.02243063743918e-13,9.79605952484237e-13
5.98375400782768e-13,9.83148360127019e-13
5.94490822183442e-13,9.8679940247477e-13
5.9059064185884e-13,9.90558695465188e-13
5.86676157341247e-13,9.94425818536137e-13
5.82748648996699e-13,9.98400315941626e-13
5.78809379274249e-13,1.00248169809168e-12
5.74859591990893e-13,1.00666944291368e-12
5.70900511652495e-13,1.01096299723279e-12
5.66933342811322e-13,1.01536177816897e-12
5.62959269460455e-13,1.01986517454819e-12
5.58979454465514e-13,1.02447254832538e-12
5.54995039033854e-13,1.02918323601667e-12
5.51007142221538e-13,1.03399655013845e-12
5.47016860478118e-13,1.03891178065083e-12
5.4302526722938e-13,1.04392819640313e-12
5.39033412497998e-13,1.04904504657889e-12
5.35042322562072e-13,1.05426156213809e-12
5.31052999651439e-13,1.05957695725425e-12
5.27066421681528e-13,1.06499043074401e-12
5.23083542024598e-13,1.07050116748691e-12
5.19105289317957e-13,1.07610833983327e-12
5.15132567308916e-13,1.0818111089977e-12
5.11166254735954e-13,1.08760862643634e-12
5.07207205245698e-13,1.0935000352056e-12
5.03256247345156e-13,1.09948447130033e-12
4.99314184388631e-13,1.10556106496951e-12
4.95381794598657e-13,1.11172894200752e-12
4.91459831120367e-13,1.11798722501905e-12
4.87549022108394e-13,1.12433503465601e-12
4.83650070845731e-13,1.13077149082452e-12
4.79763655893555e-13,1.13729571386057e-12
4.75890431271268e-13,1.14390682567262e-12
4.72031026665781e-13,1.15060395084969e-12
4.68186047669143e-13,1.15738621773364e-12
4.64356076043488e-13,1.16425275945415e-12
4.60541670012377e-13,1.17120271492543e-12
4.56743364577365e-13,1.17823522980321e-12
4.52961671858839e-13,1.18534945740127e-12
4.49197081459941e-13,1.19254455956638e-12
4.45450060852512e-13,1.1998197075108e-12
4.4172105578387e-13,1.2071740826017e-12
4.38010490703256e-13,1.21460687710673e-12
4.34318769206831e-13,1.22211729489517e-12
4.30646274499891e-13,1.22970455209428e-12
4.26993369875244e-13,1.23736787770038e-12
4.23360399206416e-13,1.24510651414445e-12
4.19747687454503e-13,1.25291971781202e-12
4.16155541187432e-13,1.26080675951736e-12
4.12584249110402e-13,1.26876692493188e-12
4.09034082606233e-13,1.27679951496689e-12
4.0550529628446e-13,1.28490384611098e-12
4.01998128537857e-13,1.29307925072225e-12
3.98512802105255e-13,1.3013250772758e-12
3.9504952463938e-13,1.30964069056697e-12
3.91608489278533e-13,1.31802547187098e-12
3.88189875220952e-13,1.32647881905938e-12
3.84793848300628e-13,1.33500014667439e-12
3.81420561563501e-13,1.34358888596173e-12
3.78070155842832e-13,1.35224448486283e-12
3.74742760332703e-13,1.36096640796761e-12
3.71438493158508e-13,1.36975413642862e-12
