2.03215900076335e-12,4.13541694260115e-12
2.03367795919448e-12,4.14820276582807e-12
2.03519722728154e-12,4.16098743920435e-12
2.03671676575556e-12,4.17377047042932e-12
2.03823653445558e-12,4.18655135826694e-12
2.03975649228667e-12,4.19932959235356e-12
2.04127659717751e-12,4.2121046530061e-12
2.04279680603763e-12,4.22487601103068e-12
2.04431707471403e-12,4.23764312753171e-12
2.04583735794755e-12,4.25040545372183e-12
2.0473576093289e-12,4.26316243073281e-12
2.04887778125432e-12,4.27591348942768e-12
2.05039782488089e-12,4.28865805021387e-12
2.05191769008174e-12,4.30139552285825e-12
2.05343732540089e-12,4.31412530630359e-12
2.05495667800795e-12,4.32684678848693e-12
2.05647569365268e-12,4.3395593461601e-12
2.05799431661943e-12,4.3522623447125e-12
2.05951248968143e-12,4.36495513799618e-12
2.06103015405512e-12,4.37763706815376e-12
2.0625472493544e-12,4.39030746544907e-12
2.06406371354492e-12,4.40296564810084e-12
2.06557948289845e-12,4.41561092211968e-12
2.06709449194731e-12,4.42824258114843e-12
2.06860867343894e-12,4.44085990630617e-12
2.0701219582907e-12,4.45346216603604e-12
2.07163427554476e-12,4.46604861595716e-12
2.07314555232341e-12,4.47861849872065e-12
2.07465571378445e-12,4.49117104387019e-12
2.0761646830771e-12,4.50370546770717e-12
2.07767238129815e-12,4.51622097316065e-12
2.07917872744857e-12,4.52871674966239e-12
2.08068363839054e-12,4.54119197302705e-12
2.08218702880499e-12,4.55364580533782e-12
2.08368881114965e-12,4.56607739483776e-12
2.08518889561762e-12,4.57848587582681e-12
2.08668719009665e-12,4.59087036856488e-12
2.08818360012896e-12,4.60322997918119e-12
2.08967802887177e-12,4.61556379958995e-12
2.09117037705859e-12,4.62787090741253e-12
2.09266054296125e-12,4.64015036590664e-12
2.09414842235269e-12,4.65240122390219e-12
2.09563390847066e-12,4.66462251574457e-12
2.09711689198224e-12,4.67681326124495e-12
2.09859726094933e-12,4.68897246563835e-12
2.10007490079509e-12,4.70109911954927e-12
2.1015496942713e-12,4.71319219896519e-12
2.10302152142684e-12,4.72525066521797e-12
2.10449025957723e-12,4.73727346497373e-12
2.10595578327528e-12,4.74925953023085e-12
2.10741796428281e-12,4.76120777832649e-12
2.10887667154365e-12,4.77311711195194e-12
2.11033177115783e-12,4.78498641917667e-12
2.11178312635701e-12,4.79681457348142e-12
2.11323059748119e-12,4.80860043380033e-12
2.11467404195681e-12,4.82034284457254e-12
2.1161133142761e-12,4.83204063580289e-12
2.11754826597794e-12,4.84369262313247e-12
2.11897874563009e-12,4.85529760791866e-12
2.12040459881282e-12,4.86685437732494e-12
2.12182566810419e-12,4.87836170442074e-12
2.12324179306668e-12,4.88981834829126e-12
2.12465281023547e-12,4.90122305415731e-12
2.12605855310832e-12,4.91257455350563e-12
2.12745885213693e-12,4.92387156422925e-12
2.12885353472014e-12,4.93511279077859e-12
2.13024242519862e-12,4.94629692432285e-12
2.13162534485129e-12,4.95742264292196e-12
2.1330021118936e-12,4.96848861170957e-12
2.13437254147734e-12,4.97949348308623e-12
2.13573644569239e-12,4.9904358969239e-12
2.13709363357014e-12,5.00131448078092e-12
2.13844391108881e-12,5.01212785012817e-12
2.13978708118058e-12,5.022874608586e-12
2.14112294374053e-12,5.03355334817231e-12
2.14245129563751e-12,5.04416264956147e-12
2.14377193072689e-12,5.05470108235447e-12
2.14508463986518e-12,5.06516720536003e-12
2.14638921092662e-12,5.07555956688676e-12
2.14768542882172e-12,5.08587670504654e-12
2.14897307551767e-12,5.09611714806878e-12
2.15025193006084e-12,5.10627941462592e-12
2.15152176860114e-12,5.11636201416986e-12
2.15278236441843e-12,5.12636344727938e-12
2.15403348795095e-12,5.13628220601874e-12
2.15527490682568e-12,5.14611677430696e-12
2.15650638589079e-12,5.15586562829818e-12
2.15772768725007e-12,5.16552723677278e-12
2.15893857029936e-12,5.17510006153934e-12
2.16013879176507e-12,5.18458255784716e-12
2.16132810574468e-12,5.19397317480961e-12
2.16250626374929e-12,5.20327035583785e-12
2.16367301474816e-12,5.21247253908506e-12
2.16482810521536e-12,5.221578157901e-12
2.16597127917832e-12,5.23058564129684e-12
2.16710227826856e-12,5.23949341442004e-12
2.16822084177428e-12,5.24829989903925e-12
2.16932670669507e-12,5.25700351403908e-12
2.1704196077985e-12,5.26560267592455e-12
2.17149927767888e-12,5.27409579933514e-12
2.17256544681779e-12,5.28248129756823e-12
2.17361784364676e-12,5.29075758311176e-12
2.17465619461176e-12,5.29892306818604e-12
2.17568022423975e-12,5.30697616529435e-12
2.17668965520705e-12,5.31491528778234e-12
2.17768420840969e-12,5.32273885040587e-12
2.17866360303561e-12,5.33044526990716e-12
2.17962755663875e-12,5.33803296559916e-12
2.18057578521494e-12,5.3455003599576e-12
2.1815080032797e-12,5.35284587922087e-12
2.18242392394775e-12,5.36006795399723e-12
2.18332325901436e-12,5.36716501987921e-12
2.1842057190384e-12,5.37413551806505e-12
2.18507101342716e-12,5.38097789598665e-12
2.18591885052283e-12,5.3876906079441e-12
2.18674893769064e-12,5.39427211574632e-12
2.18756098140869e-12,5.40072088935753e-12
2.18835468735927e-12,5.40703540754942e-12
2.18912976052184e-12,5.41321415855852e-12
2.18988590526756e-12,5.41925564074879e-12
2.19062282545516e-12,5.42515836327865e-12
2.19134022452848e-12,5.4309208467727e-12
2.19203780561525e-12,5.43654162399738e-12
2.19271527162736e-12,5.44201924054055e-12
2.19337232536243e-12,5.4473522554943e-12
2.19400866960667e-12,5.45253924214125e-12
2.19462400723899e-12,5.45757878864332e-12
2.19521804133638e-12,5.4624694987332e-12
2.19579047528038e-12,5.46720999240776e-12
2.19634101286471e-12,5.47179890662339e-12
2.19686935840396e-12,5.47623489599265e-12
2.19737521684331e-12,5.48051663348198e-12
2.19785829386926e-12,5.48464281111025e-12
2.19831829602121e-12,5.48861214064736e-12
2.19875493080399e-12,5.49242335431307e-12
2.19916790680116e-12,5.49607520547527e-12
2.19955693378914e-12,5.49956646934749e-12
2.19992172285201e-12,5.5028959436852e-12
2.20026198649699e-12,5.50606244948062e-12
2.20057743877051e-12,5.50906483165545e-12
2.20086779537493e-12,5.51190195975145e-12
2.20113277378558e-12,5.51457272861801e-12
2.20137209336845e-12,5.51707605909695e-12
2.20158547549809e-12,5.51941089870347e-12
2.20177264367588e-12,5.52157622230316e-12
2.20193332364874e-12,5.52357103278521e-12
2.20206724352772e-12,5.52539436173008e-12
2.20217413390701e-12,5.52704527007265e-12
2.20225372798295e-12,5.52852284875964e-12
2.20230576167301e-12,5.52982621940101e-12
2.20232997373483e-12,5.53095453491511e-12
2.20232610588511e-12,5.53190698016705e-12
2.20229390291833e-12,5.53268277259992e-12
2.2022331128253e-12,5.53328116285843e-12
2.20214348691136e-12,5.53370143540452e-12
2.20202477991426e-12,5.53394290912475e-12
2.20187675012172e-12,5.53400493792884e-12
2.20169915948832e-12,5.53388691133889e-12
2.20149177375204e-12,5.53358825506938e-12
2.20125436255013e-12,5.53310843159674e-12
2.20098669953428e-12,5.53244694071906e-12
2.2006885624851e-12,5.53160332010458e-12
2.20035973342583e-12,5.53057714582928e-12
2.19999999873516e-12,5.52936803290296e-12
2.19960914925912e-12,5.52797563578328e-12
2.19918698042205e-12,5.5263996488776e-12
2.19873329233644e-12,5.52463980703201e-12
2.19824788991174e-12,5.52269588600752e-12
2.19773058296197e-12,5.52056770294268e-12
2.19718118631205e-12,5.51825511680245e-12
2.19659951990293e-12,5.51575802881298e-12
2.19598540889526e-12,5.51307638288188e-12
2.19533868377173e-12,5.51021016600362e-12
2.19465918043784e-12,5.50715940864984e-12
2.19394674032126e-12,5.50392418514406e-12
2.19320121046941e-12,5.50050461402049e-12
2.19242244364553e-12,5.49690085836695e-12
2.191610298423e-12,5.49311312615086e-12
2.19076463927777e-12,5.48914167052894e-12
2.18988533667914e-12,5.48498679013931e-12
2.1889722671785e-12,5.48064882937662e-12
2.18802531349615e-12,5.47612817864921e-12
2.18704436460617e-12,5.47142527461838e-12
2.1860293158192e-12,5.46654060041958e-12
2.18498006886304e-12,5.46147468586479e-12
2.18389653196124e-12,5.45622810762647e-12
2.18277861990928e-12,5.45080148940222e-12
2.1816262541486e-12,5.4451955020604e-12
2.18043936283832e-12,5.43941086376619e-12
2.17921788092453e-12,5.43344834008797e-12
2.17796175020715e-12,5.42730874408376e-12
2.17667091940442e-12,5.42099293636768e-12
2.17534534421475e-12,5.41450182515593e-12
2.17398498737612e-12,5.40783636629246e-12
2.17258981872285e-12,5.40099756325392e-12
2.17115981523969e-12,5.39398646713386e-12
2.16969496111323e-12,5.38680417660583e-12
2.16819524778067e-12,5.37945183786565e-12
2.16666067397572e-12,5.37193064455222e-12
2.16509124577173e-12,5.36424183764708e-12
2.16348697662205e-12,5.35638670535266e-12
2.16184788739739e-12,5.34836658294871e-12
2.16017400642044e-12,5.34018285262756e-12
2.15846536949736e-12,5.33183694330709e-12
2.15672201994648e-12,5.32333033042264e-12
2.15494400862389e-12,5.31466453569666e-12
2.15313139394606e-12,5.30584112688662e-12
2.15128424190938e-12,5.29686171751132e-12
2.14940262610662e-12,5.28772796655502e-12
2.14748662774037e-12,5.27844157815003e-12
2.14553633563323e-12,5.2690043012372e-12
2.14355184623495e-12,5.25941792920484e-12
2.14153326362641e-12,5.24968429950569e-12
2.13948069952041e-12,5.23980529325233e-12
2.13739427325925e-12,5.22978283479089e-12
2.13527411180913e-12,5.21961889125306e-12
2.13312034975133e-12,5.20931547208701e-12
2.13093312927024e-12,5.19887462856644e-12
2.12871260013792e-12,5.18829845327872e-12
2.12645891969582e-12,5.17758907959193e-12
2.12417225283285e-12,5.16674868110068e-12
2.1218527719604e-12,5.15577947105114e-12
2.11950065698423e-12,5.14468370174587e-12
2.11711609527278e-12,5.13346366392738e-12
2.11469928162261e-12,5.12212168614215e-12
2.11225041822031e-12,5.11066013408422e-12
2.10976971460133e-12,5.09908140991883e-12
2.10725738760554e-12,5.08738795158677e-12
2.10471366132955e-12,5.07558223208904e-12
2.10213876707591e-12,5.06366675875261e-12
2.09953294329895e-12,5.05164407247711e-12
2.09689643554762e-12,5.03951674696317e-12
2.09422949640508e-12,5.02728738792232e-12
2.09153238542512e-12,5.01495863226902e-12
2.08880536906552e-12,5.00253314729493e-12
2.08604872061828e-12,4.99001362982595e-12
2.08326272013671e-12,4.97740280536222e-12
2.08044765435962e-12,4.96470342720153e-12
2.07760381663228e-12,4.9519182755464e-12
2.07473150682458e-12,4.93905015659528e-12
2.07183103124602e-12,4.92610190161836e-12
2.06890270255799e-12,4.91307636601804e-12
2.06594683968292e-12,4.89997642837496e-12
2.06296376771073e-12,4.88680498947953e-12
2.05995381780235e-12,4.87356497134971e-12
2.05691732709054e-12,4.86025931623535e-12
2.05385463857785e-12,4.84689098560966e-12
2.05076610103192e-12,4.83346295914789e-12
2.04765206887818e-12,4.81997823369439e-12
2.04451290208983e-12,4.80643982221776e-12
2.04134896607526e-12,4.792850752755e-12
2.038160631563e-12,4.77921406734518e-12
2.03494827448415e-12,4.765532820953e-12
2.03171227585242e-12,4.75181008038278e-12
2.02845302164173e-12,4.73804892318324e-12
2.02517090266157e-12,4.72425243654409e-12
2.02186631443003e-12,4.71042371618425e-12
2.01853965704469e-12,4.69656586523304e-12
2.01519133505133e-12,4.68268199310416e-12
2.01182175731051e-12,4.66877521436334e-12
2.00843133686221e-12,4.65484864759053e-12
2.00502049078841e-12,4.64090541423646e-12
2.00158964007384e-12,4.62694863747484e-12
1.9981392094649e-12,4.61298144105046e-12
1.99466962732669e-12,4.59900694812365e-12
1.99118132549851e-12,4.58502828011216e-12
1.98767473914758e-12,4.57104855553039e-12
1.98415030662126e-12,4.55707088882714e-12
1.98060846929774e-12,4.54309838922216e-12
1.97704967143533e-12,4.52913415954238e-12
1.9734743600204e-12,4.51518129505793e-12
1.96988298461399e-12,4.50124288231906e-12
1.96627599719723e-12,4.48732199799446e-12
1.96265385201567e-12,4.47342170771129e-12
1.95901700542247e-12,4.45954506489793e-12
1.9553659157207e-12,4.44569510962977e-12
1.95170104300464e-12,4.43187486747886e-12
1.94802284900029e-12,4.41808734836787e-12
1.94433179690517e-12,4.40433554542909e-12
1.94062835122734e-12,4.39062243386899e-12
1.93691297762396e-12,4.376950969839e-12
1.93318614273919e-12,4.36332408931326e-12
1.92944831404182e-12,4.3497447069736e-12
1.92569995966232e-12,4.33621571510269e-12
1.9219415482299e-12,4.32273998248575e-12
1.91817354870909e-12,4.30932035332171e-12
1.91439643023641e-12,4.29595964614392e-12
1.91061066195691e-12,4.28266065275154e-12
1.90681671286083e-12,4.26942613715189e-12
1.90301505162024e-12,4.25625883451435e-12
1.89920614642616e-12,4.2431614501366e-12
1.89539046482567e-12,4.23013665842343e-12
1.89156847355956e-12,4.21718710187902e-12
1.88774063840053e-12,4.20431539011334e-12
1.88390742399167e-12,4.19152409886243e-12
1.88006929368578e-12,4.17881576902424e-12
1.87622670938535e-12,4.16619290570995e-12
1.87238013138316e-12,4.15365797731094e-12
1.86853001820399e-12,4.14121341458294e-12
1.86467682644712e-12,4.12886160974713e-12
