2.62191503617139e-12,2.42204093785936e-12
2.61953058005593e-12,2.41711976889891e-12
2.61709711208682e-12,2.41215770380852e-12
2.61461524896051e-12,2.40715612976867e-12
2.61208561293342e-12,2.40211643302856e-12
2.60950883155978e-12,2.39703999840618e-12
2.60688553742907e-12,2.39192820879217e-12
2.60421636790317e-12,2.38678244465769e-12
2.6015019648534e-12,2.3816040835664e-12
2.59874297439755e-12,2.37639449969102e-12
2.59594004663699e-12,2.37115506333451e-12
2.59309383539411e-12,2.3658871404562e-12
2.59020499795012e-12,2.36059209220314e-12
2.58727419478334e-12,2.35527127444675e-12
2.58430208930821e-12,2.34992603732515e-12
2.58128934761501e-12,2.34455772479131e-12
2.57823663821057e-12,2.33916767416726e-12
2.57514463175993e-12,2.33375721570453e-12
2.57201400082922e-12,2.32832767215106e-12
2.56884541962983e-12,2.32288035832482e-12
2.56563956376398e-12,2.31741658069431e-12
2.56239710997171e-12,2.31193763696594e-12
2.55911873587978e-12,2.30644481567892e-12
2.55580511975206e-12,2.30093939580741e-12
2.55245694024197e-12,2.29542264637026e-12
2.54907487614686e-12,2.28989582604862e-12
2.54565960616456e-12,2.28436018281145e-12
2.54221180865205e-12,2.2788169535491e-12
2.53873216138659e-12,2.27326736371519e-12
2.53522134132915e-12,2.26771262697684e-12
2.53168002439057e-12,2.26215394487359e-12
2.52810888520017e-12,2.25659250648481e-12
2.52450859687729e-12,2.25102948810612e-12
2.52087983080552e-12,2.24546605293462e-12
2.51722325641001e-12,2.23990335076328e-12
2.51353954093779e-12,2.2343425176845e-12
2.50982934924111e-12,2.22878467580289e-12
2.50609334356423e-12,2.22323093295759e-12
2.50233218333331e-12,2.21768238245394e-12
2.49854652494979e-12,2.21214010280482e-12
2.49473702158728e-12,2.20660515748163e-12
2.49090432299194e-12,2.20107859467501e-12
2.48704907528661e-12,2.1955614470654e-12
2.48317192077844e-12,2.19005473160347e-12
2.47927349777062e-12,2.18455944930049e-12
2.47535444037768e-12,2.17907658502865e-12
2.47141537834489e-12,2.17360710733156e-12
2.46745693687156e-12,2.16815196824462e-12
2.46347973643846e-12,2.1627121031257e-12
2.4594843926393e-12,2.15728843049582e-12
2.45547151601639e-12,2.15188185189006e-12
2.45144171190052e-12,2.14649325171862e-12
2.44739558025517e-12,2.14112349713807e-12
2.44333371552491e-12,2.13577343793275e-12
2.43925670648832e-12,2.1304439064064e-12
2.4351651361152e-12,2.12513571728389e-12
2.4310595814283e-12,2.11984966762316e-12
2.42694061336945e-12,2.11458653673723e-12
2.42280879667036e-12,2.10934708612631e-12
2.41866468972778e-12,2.10413205942003e-12
2.4145088444834e-12,2.09894218232954e-12
2.41034180630825e-12,2.09377816260975e-12
2.40616411389173e-12,2.08864069003129e-12
2.40197629913539e-12,2.0835304363625e-12
2.39777888705125e-12,2.07844805536109e-12
2.39357239566481e-12,2.07339418277544e-12
2.38935733592282e-12,2.06836943635576e-12
2.38513421160569e-12,2.06337441587453e-12
2.38090351924457e-12,2.05840970315657e-12
2.3766657480432e-12,2.05347586211838e-12
2.37242137980443e-12,2.04857343881678e-12
2.36817088886137e-12,2.04370296150667e-12
2.36391474201337e-12,2.03886494070786e-12
2.35965339846655e-12,2.03405986928079e-12
2.35538730977908e-12,2.02928822251104e-12
2.35111691981104e-12,2.02455045820257e-12
2.34684266467903e-12,2.01984701677942e-12
2.34256497271529e-12,2.01517832139589e-12
2.33828426443144e-12,2.0105447780549e-12
2.33400095248687e-12,2.00594677573455e-12
2.32971544166153e-12,2.00138468652254e-12
2.32542812883337e-12,1.99685886575851e-12
2.32113940296019e-12,1.99236965218394e-12
2.31684964506591e-12,1.9879173680996e-12
2.31255922823134e-12,1.98350231953025e-12
2.30826851758918e-12,1.97912479639654e-12
2.30397787032351e-12,1.97478507269385e-12
2.29968763567338e-12,1.97048340667799e-12
2.29539815494079e-12,1.96622004105738e-12
2.29110976150274e-12,1.96199520319178e-12
2.28682278082745e-12,1.9578091052972e-12
2.2825375304947e-12,1.95366194465685e-12
2.27825432022009e-12,1.94955390383798e-12
2.27397345188338e-12,1.94548515091435e-12
2.26969521956059e-12,1.94145583969409e-12
2.26541990956012e-12,1.93746610995297e-12
2.26114780046246e-12,1.93351608767252e-12
2.25687916316376e-12,1.9296058852832e-12
2.25261426092293e-12,1.92573560191198e-12
2.24835334941242e-12,1.92190532363454e-12
2.24409667677239e-12,1.91811512373155e-12
2.23984448366838e-12,1.91436506294901e-12
2.23559700335234e-12,1.91065518976235e-12
2.23135446172689e-12,1.90698554064406e-12
2.22711707741283e-12,1.90335614033476e-12
2.22288506181973e-12,1.89976700211729e-12
2.2186586192196e-12,1.89621812809379e-12
2.21443794682349e-12,1.89270950946542e-12
2.21022323486102e-12,1.88924112681462e-12
2.20601466666258e-12,1.8858129503895e-12
2.20181241874444e-12,1.88242494039041e-12
2.19761666089629e-12,1.87907704725821e-12
2.19342755627142e-12,1.87576921196416e-12
2.18924526147931e-12,1.87250136630119e-12
2.18506992668063e-12,1.86927343317636e-12
2.18090169568444e-12,1.86608532690415e-12
2.17674070604761e-12,1.86293695350062e-12
2.17258708917631e-12,1.85982821097783e-12
2.16844097042954e-12,1.85675898963889e-12
2.16430246922451e-12,1.85372917237274e-12
2.16017169914385e-12,1.85073863494898e-12
2.15604876804459e-12,1.84778724631234e-12
2.15193377816862e-12,1.84487486887647e-12
2.14782682625489e-12,1.84200135881714e-12
2.14372800365286e-12,1.83916656636423e-12
2.13963739643746e-12,1.83637033609288e-12
2.13555508552512e-12,1.83361250721285e-12
2.13148114679109e-12,1.83089291385666e-12
2.1274156511878e-12,1.8282113853657e-12
2.12335866486415e-12,1.82556774657464e-12
2.11931024928569e-12,1.82296181809334e-12
2.11527046135558e-12,1.82039341658679e-12
2.11123935353629e-12,1.81786235505221e-12
2.10721697397173e-12,1.81536844309361e-12
2.10320336661015e-12,1.81291148719352e-12
2.09919857132718e-12,1.81049129098142e-12
2.09520262404935e-12,1.80810765549923e-12
2.09121555687777e-12,1.80576037946316e-12
2.08723739821201e-12,1.80344925952219e-12
2.08326817287396e-12,1.80117409051273e-12
2.07930790223165e-12,1.7989346657094e-12
2.07535660432302e-12,1.79673077707183e-12
2.07141429397938e-12,1.79456221548735e-12
2.06748098294865e-12,1.7924287710092e-12
2.0635566800181e-12,1.79033023309041e-12
2.05964139113676e-12,1.78826639081314e-12
2.05573511953719e-12,1.78623703311319e-12
2.05183786585661e-12,1.78424194899974e-12
2.04794962825734e-12,1.78228092777015e-12
2.04407040254647e-12,1.78035375921966e-12
2.04020018229456e-12,1.77846023384589e-12
2.03633895895353e-12,1.77660014304816e-12
2.03248672197338e-12,1.7747732793213e-12
2.02864345891795e-12,1.77297943644405e-12
2.02480915557936e-12,1.77121840966192e-12
2.02098379609134e-12,1.76948999586433e-12
2.0171673630412e-12,1.76779399375606e-12
2.01335983758034e-12,1.76613020402291e-12
2.0095611995335e-12,1.76449842949145e-12
2.00577142750628e-12,1.76289847528288e-12
2.00199049899129e-12,1.76133014896085e-12
1.99821839047249e-12,1.75979326067327e-12
1.99445507752799e-12,1.75828762328801e-12
1.990700534931e-12,1.75681305252248e-12
1.98695473674902e-12,1.75536936706701e-12
1.98321765644113e-12,1.75395638870205e-12
1.97948926695343e-12,1.75257394240916e-12
1.97576954081251e-12,1.75122185647572e-12
1.97205845021685e-12,1.7498999625934e-12
1.96835596712622e-12,1.74860809595032e-12
1.96466206334898e-12,1.74734609531699e-12
1.96097671062728e-12,1.74611380312596e-12
1.95729988071995e-12,1.74491106554513e-12
1.95363154548334e-12,1.74373773254495e-12
1.9499716769498e-12,1.74259365795927e-12
1.94632024740389e-12,1.74147869953994e-12
1.94267722945634e-12,1.74039271900538e-12
1.9390425961156e-12,1.73933558208286e-12
1.93541632085698e-12,1.73830715854467e-12
1.93179837768955e-12,1.73730732223834e-12
1.92818874122039e-12,1.73633595111063e-12
1.92458738671669e-12,1.73539292722579e-12
1.92099429016505e-12,1.73447813677767e-12
1.91740942832861e-12,1.73359147009615e-12
1.91383277880154e-12,1.73273282164774e-12
1.91026432006099e-12,1.73190209003038e-12
1.90670403151664e-12,1.73109917796275e-12
1.90315189355768e-12,1.73032399226794e-12
1.89960788759721e-12,1.72957644385164e-12
1.89607199611425e-12,1.72885644767501e-12
1.89254420269302e-12,1.72816392272223e-12
1.88902449205991e-12,1.72749879196288e-12
1.88551285011769e-12,1.72686098230919e-12
1.88200926397745e-12,1.72625042456843e-12
1.87851372198777e-12,1.72566705339032e-12
1.87502621376158e-12,1.72511080720969e-12
1.87154673020043e-12,1.72458162818464e-12
1.86807526351623e-12,1.72407946212999e-12
1.86461180725068e-12,1.72360425844655e-12
1.86115635629207e-12,1.72315597004595e-12
1.85770890688973e-12,1.72273455327144e-12
1.8542694566661e-12,1.7223399678147e-12
1.85083800462631e-12,1.72197217662875e-12
1.84741455116545e-12,1.72163114583713e-12
1.84399909807359e-12,1.72131684463961e-12
1.84059164853823e-12,1.72102924521433e-12
1.83719220714476e-12,1.72076832261672e-12
1.83380077987448e-12,1.72053405467538e-12
1.83041737410044e-12,1.72032642188474e-12
1.82704199858113e-12,1.7201454072952e-12
1.82367466345198e-12,1.71999099640029e-12
1.8203153802148e-12,1.71986317702161e-12
1.81696416172505e-12,1.71976193919112e-12
1.81362102217721e-12,1.71968727503153e-12
1.81028597708803e-12,1.71963917863435e-12
1.80695904327794e-12,1.71961764593637e-12
1.80364023885048e-12,1.71962267459418e-12
1.80032958316995e-12,1.71965426385732e-12
1.79702709683716e-12,1.71971241443995e-12
1.79373280166354e-12,1.71979712839131e-12
1.79044672064342e-12,1.71990840896522e-12
1.78716887792472e-12,1.7200462604886e-12
1.78389929877807e-12,1.7202106882293e-12
1.78063800956429e-12,1.7204016982634e-12
1.77738503770042e-12,1.72061929734213e-12
1.77414041162434e-12,1.72086349275856e-12
1.77090416075794e-12,1.72113429221415e-12
1.76767631546901e-12,1.72143170368562e-12
1.76445690703182e-12,1.72175573529184e-12
1.76124596758656e-12,1.72210639516136e-12
1.7580435300975e-12,1.72248369130037e-12
1.75484962831026e-12,1.72288763146165e-12
1.75166429670777e-12,1.72331822301406e-12
1.74848757046553e-12,1.72377547281354e-12
1.74531948540578e-12,1.72425938707497e-12
1.74216007795094e-12,1.72476997124566e-12
1.73900938507614e-12,1.72530722988018e-12
1.73586744426115e-12,1.72587116651704e-12
1.73273429344158e-12,1.7264617835571e-12
1.72960997095948e-12,1.72707908214393e-12
1.72649451551346e-12,1.72772306204639e-12
1.72338796610826e-12,1.72839372154333e-12
1.72029036200402e-12,1.72909105731082e-12
1.71720174266506e-12,1.72981506431176e-12
1.71412214770854e-12,1.73056573568831e-12
1.71105161685276e-12,1.73134306265692e-12
1.70799018986541e-12,1.73214703440642e-12
1.70493790651169e-12,1.73297763799904e-12
1.70189480650236e-12,1.73383485827464e-12
1.69886092944189e-12,1.73471867775818e-12
1.69583631477667e-12,1.73562907657049e-12
1.69282100174338e-12,1.73656603234268e-12
1.68981502931758e-12,1.73752952013395e-12
1.68681843616254e-12,1.73851951235318e-12
1.68383126057849e-12,1.73953597868429e-12
1.68085354045219e-12,1.74057888601543e-12
1.67788531320698e-12,1.7416481983721e-12
1.6749266157533e-12,1.74274387685442e-12
1.67197748443994e-12,1.74386587957838e-12
1.66903795500562e-12,1.74501416162125e-12
1.66610806253157e-12,1.74618867497145e-12
1.6631878413946e-12,1.74738936848249e-12
1.66027732522112e-12,1.74861618783143e-12
1.65737654684185e-12,1.74986907548169e-12
1.65448553824759e-12,1.75114797065046e-12
1.65160433054577e-12,1.75245280928046e-12
1.64873295391809e-12,1.75378352401643e-12
1.64587143757916e-12,1.75514004418611e-12
1.64301980973624e-12,1.75652229578587e-12
1.64017809755006e-12,1.75793020147111e-12
1.63734632709688e-12,1.75936368055108e-12
1.63452452333176e-12,1.76082264898875e-12
1.63171271005299e-12,1.76230701940502e-12
1.62891090986797e-12,1.76381670108791e-12
1.62611914416021e-12,1.76535160000626e-12
1.62333743305804e-12,1.76691161882838e-12
1.6205657954043e-12,1.76849665694506e-12
1.61780424872784e-12,1.77010661049759e-12
1.61505280921629e-12,1.77174137241024e-12
1.61231149169038e-12,1.77340083242738e-12
1.60958030957981e-12,1.77508487715538e-12
1.60685927490069e-12,1.77679339010882e-12
1.60414839823457e-12,1.77852625176152e-12
1.60144768870897e-12,1.78028333960177e-12
1.59875715397975e-12,1.78206452819222e-12
1.59607680021493e-12,1.78386968923402e-12
1.59340663208036e-12,1.78569869163548e-12
1.59074665272693e-12,1.78755140158464e-12
1.58809686377958e-12,1.78942768262639e-12
1.58545726532802e-12,1.79132739574356e-12
1.58282785591916e-12,1.793250399442e-12
1.58020863255132e-12,1.79519654983974e-12
1.57759959067012e-12,1.79716570075999e-12
1.57500072416625e-12,1.79915770382782e-12
1.57241202537487e-12,1.80117240857068e-12
1.56983348507689e-12,1.80320966252246e-12
1.56726509250199e-12,1.80526931133104e-12
1.56470683533335e-12,1.80735119886915e-12
1.5621586997142e-12,1.8094551673486e-12
1.55962067025622e-12,1.8115810574377e-12
