8.25157617229462e-13,1.15224687492707e-12
8.26024012054849e-13,1.15745134183039e-12
8.26900419185604e-13,1.16266186709427e-12
8.27786880329458e-13,1.16787818565393e-12
8.28683437025425e-13,1.17310003085199e-12
8.29590130721214e-13,1.178327134329e-12
8.30507002849882e-13,1.18355922590272e-12
8.31434094905477e-13,1.18879603343606e-12
8.32371448517369e-13,1.19403728269357e-12
8.33319105523059e-13,1.19928269718644e-12
8.34277108039155e-13,1.20453199800609e-12
8.35245498530258e-13,1.2097849036462e-12
8.36224319875517e-13,1.21504112981324e-12
8.37213615432551e-13,1.22030038922567e-12
8.38213429098471e-13,1.22556239140171e-12
8.39223805367768e-13,1.23082684243587e-12
8.40244789386765e-13,1.23609344476441e-12
8.41276427004403e-13,1.24136189691972e-12
8.42318764819048e-13,1.24663189327395e-12
8.43371850221138e-13,1.25190312377204e-12
8.44435731431341e-13,1.25717527365433e-12
8.45510457534011e-13,1.26244802316904e-12
8.46596078505708e-13,1.26772104727495e-12
8.47692645238516e-13,1.27299401533447e-12
8.48800209557913e-13,1.27826659079749e-12
8.49918824235026e-13,1.28353843087647e-12
8.51048542992975e-13,1.28880918621291e-12
8.5218942050714e-13,1.29407850053588e-12
8.53341512399137e-13,1.29934601031285e-12
8.54504875224279e-13,1.30461134439337e-12
8.5567956645237e-13,1.30987412364606e-12
8.56865644441634e-13,1.31513396058948e-12
8.58063168405597e-13,1.32039045901727e-12
8.59272198372783e-13,1.32564321361833e-12
8.60492795139068e-13,1.33089180959237e-12
8.61725020212551e-13,1.33613582226176e-12
8.62968935750806e-13,1.34137481667991e-12
8.64224604490426e-13,1.34660834723725e-12
8.65492089668737e-13,1.35183595726511e-12
8.66771454937578e-13,1.3570571786385e-12
8.68062764269126e-13,1.36227153137823e-12
8.69366081853622e-13,1.36747852325335e-12
8.70681471989032e-13,1.37267764938448e-12
8.72008998962531e-13,1.37786839184886e-12
8.73348726923851e-13,1.38305021928792e-12
8.7470071975045e-13,1.38822258651813e-12
8.76065040904514e-13,1.39338493414601e-12
8.7744175328183e-13,1.39853668818798e-12
8.7883091905255e-13,1.40367725969606e-12
8.80232599493921e-13,1.4088060443902e-12
8.81646854815009e-13,1.413922422298e-12
8.83073743973567e-13,1.41902575740284e-12
8.84513324485075e-13,1.42411539730123e-12
8.85965652224118e-13,1.42919067287019e-12
8.87430781218215e-13,1.43425089794569e-12
8.88908763434251e-13,1.43929536901289e-12
8.90399648557665e-13,1.44432336490914e-12
8.9190348376458e-13,1.44933414654065e-12
8.93420313487091e-13,1.45432695661368e-12
8.94950179171864e-13,1.45930101938111e-12
8.96493119032343e-13,1.46425554040537e-12
8.98049167794754e-13,1.46918970633849e-12
8.99618356438174e-13,1.47410268472022e-12
9.01200711928961e-13,1.47899362379508e-12
9.02796256949794e-13,1.4838616523491e-12
9.04405009623635e-13,1.48870587956727e-12
9.06026983232975e-13,1.49352539491232e-12
9.0766218593459e-13,1.49831926802584e-12
9.09310620470257e-13,1.50308654865235e-12
9.10972283873719e-13,1.50782626658729e-12
9.12647167174297e-13,1.51253743164957e-12
9.14335255097501e-13,1.51721903367943e-12
9.16036525763079e-13,1.52187004256242e-12
9.17750950380854e-13,1.52648940828009e-12
9.19478492944806e-13,1.53107606098815e-12
9.21219109925809e-13,1.53562891112267e-12
9.22972749963454e-13,1.54014684953505e-12
9.24739353557413e-13,1.54462874765622e-12
9.26518852758796e-13,1.54907345769076e-12
9.28311170861973e-13,1.55347981284136e-12
9.30116222097276e-13,1.5578466275642e-12
9.31933911325182e-13,1.5621726978557e-12
9.33764133732311e-13,1.56645680157096e-12
9.35606774529834e-13,1.57069769877452e-12
9.37461708654763e-13,1.57489413212355e-12
9.39328800474587e-13,1.57904482728383e-12
9.41207903495799e-13,1.58314849337903e-12
9.43098860076805e-13,1.58720382347311e-12
9.45001501145729e-13,1.59120949508651e-12
9.46915645923597e-13,1.59516417074579e-12
9.48841101653462e-13,1.59906649856723e-12
9.50777663335932e-13,1.60291511287423e-12
9.52725113471632e-13,1.60670863484857e-12
9.54683221811135e-13,1.61044567321555e-12
9.566517451128e-13,1.61412482496279e-12
9.58630426909095e-13,1.61774467609279e-12
9.60618997281859e-13,1.62130380240885e-12
9.62617172647022e-13,1.62480077033421e-12
9.64624655549231e-13,1.62823413776422e-12
9.66641134466946e-13,1.6316024549511e-12
9.68666283628383e-13,1.6349042654209e-12
9.70699762838845e-13,1.63813810692242e-12
9.72741217319873e-13,1.64130251240731e-12
9.74790277560679e-13,1.64439601104122e-12
9.76846559182263e-13,1.647417129245e-12
9.78909662814717e-13,1.65036439176567e-12
9.80979173988038e-13,1.65323632277628e-12
9.83054663036952e-13,1.65603144700402e-12
9.85135685020068e-13,1.65874829088575e-12
9.87221779653769e-13,1.66138538375027e-12
9.89312471261194e-13,1.66394125902616e-12
9.91407268736691e-13,1.66641445547461e-12
9.93505665526002e-13,1.66880351844601e-12
9.95607139622583e-13,1.67110700115946e-12
9.97711153580275e-13,1.67332346600396e-12
9.99817154542674e-13,1.67545148586034e-12
1.00192457428939e-12,1.67748964544268e-12
1.00403282929954e-12,1.67943654265799e-12
1.00614132083254e-12,1.68129078998305e-12
1.0082494350266e-12,1.68305101585693e-12
1.0103565430149e-12,1.68471586608802e-12
1.01246200105974e-12,1.68628400527418e-12
1.0145651507048e-12,1.68775411823449e-12
1.01666531894554e-12,1.68912491145135e-12
1.01876181841785e-12,1.69039511452127e-12
1.02085394760516e-12,1.69156348161301e-12
1.02294099106389e-12,1.69262879293138e-12
1.02502221966727e-12,1.69358985618524e-12
1.0270968908677e-12,1.69444550805806e-12
1.02916424897745e-12,1.69519461567936e-12
1.03122352546768e-12,1.69583607809553e-12
1.03327393928579e-12,1.69636882773818e-12
1.03531469719099e-12,1.69679183188847e-12
1.03734499410781e-12,1.69710409413553e-12
1.03936401349762e-12,1.69730465582752e-12
1.04137092774792e-12,1.69739259751328e-12
1.04336489857903e-12,1.69736704037297e-12
1.04534507746829e-12,1.69722714763598e-12
1.04731060609118e-12,1.69697212598416e-12
1.04926061677936e-12,1.69660122693876e-12
1.05119423299515e-12,1.6961137482292e-12
1.05311056982226e-12,1.69550903514185e-12
1.05500873447232e-12,1.69478648184716e-12
1.05688782680692e-12,1.69394553270322e-12
1.05874693987473e-12,1.69298568353403e-12
1.06058516046331e-12,1.69190648288073e-12
1.06240156966517e-12,1.69070753322397e-12
1.06419524345753e-12,1.68938849217576e-12
1.0659652532955e-12,1.68794907363893e-12
1.06771066671799e-12,1.68638904893263e-12
1.06943054796583e-12,1.68470824788209e-12
1.07112395861175e-12,1.68290655987104e-12
1.0727899582014e-12,1.68098393485497e-12
1.07442760490503e-12,1.67894038433389e-12
1.07603595617904e-12,1.67677598228272e-12
1.077614069437e-12,1.67449086603797e-12
1.07916100272928e-12,1.67208523713906e-12
1.0806758154308e-12,1.66955936212282e-12
1.08215756893611e-12,1.66691357326976e-12
1.08360532736119e-12,1.6641482693007e-12
1.08501815825125e-12,1.66126391602237e-12
1.08639513329379e-12,1.65826104692067e-12
1.08773532903622e-12,1.65514026370035e-12
1.08903782760728e-12,1.65190223676997e-12
1.0903017174415e-12,1.64854770567072e-12
1.09152609400602e-12,1.64507747944837e-12
1.09271006052884e-12,1.64149243696696e-12
1.09385272872792e-12,1.63779352716344e-12
1.09495321954014e-12,1.63398176924227e-12
1.09601066384952e-12,1.63005825280914e-12
1.09702420321373e-12,1.62602413794288e-12
1.09799299058825e-12,1.62188065520509e-12
1.09891619104724e-12,1.61762910558649e-12
1.09979298250036e-12,1.61327086038967e-12
1.10062255640482e-12,1.60880736104751e-12
1.10140411847166e-12,1.60424011887693e-12
1.10213688936566e-12,1.59957071476757e-12
1.10282010539793e-12,1.59480079880497e-12
1.10345301921045e-12,1.58993208982821e-12
1.10403490045175e-12,1.58496637492165e-12
1.10456503644288e-12,1.57990550884084e-12
1.10504273283299e-12,1.57475141337245e-12
1.10546731424369e-12,1.56950607662844e-12
1.10583812490136e-12,1.56417155227449e-12
1.10615452925673e-12,1.55874995869302e-12
1.106415912591e-12,1.55324347808098e-12
1.10662168160767e-12,1.54765435548297e-12
1.1067712650094e-12,1.54198489775998e-12
1.10686411405922e-12,1.53623747249445e-12
1.10689970312536e-12,1.53041450683216e-12
1.10687753020903e-12,1.52451848626175e-12
1.10679711745444e-12,1.51855195333255e-12
1.1066580116405e-12,1.51251750631171e-12
1.1064597846535e-12,1.50641779778152e-12
1.10620203394023e-12,1.50025553317787e-12
1.10588438294083e-12,1.49403346927107e-12
1.10550648150093e-12,1.48775441259018e-12
1.10506800626254e-12,1.481421217792e-12
1.10456866103299e-12,1.4750367859762e-12
1.10400817713165e-12,1.46860406294784e-12
1.10338631371385e-12,1.46212603742892e-12
1.10270285807145e-12,1.45560573922032e-12
1.10195762590988e-12,1.44904623731587e-12
1.10115046160104e-12,1.44245063797018e-12
1.10028123841176e-12,1.43582208272202e-12
1.09934985870752e-12,1.42916374637494e-12
1.09835625413106e-12,1.42247883493715e-12
1.09730038575563e-12,1.41577058352256e-12
1.09618224421259e-12,1.40904225421477e-12
1.09500184979321e-12,1.40229713389646e-12
1.09375925252433e-12,1.39553853204579e-12
1.09245453221792e-12,1.3887697785024e-12
1.09108779849421e-12,1.38199422120488e-12
1.08965919077839e-12,1.37521522390217e-12
1.08816887827082e-12,1.36843616384104e-12
1.08661705989065e-12,1.36166042943209e-12
1.08500396419287e-12,1.3548914178965e-12
1.08332984925882e-12,1.34813253289609e-12
1.08159500256026e-12,1.34138718214899e-12
1.07979974079694e-12,1.33465877503345e-12
1.07794440970795e-12,1.32795072018227e-12
1.07602938385695e-12,1.32126642307038e-12
1.07405506639143e-12,1.31460928359801e-12
1.07202188877617e-12,1.30798269367213e-12
1.06993031050137e-12,1.30139003478866e-12
1.0677808187654e-12,1.29483467561801e-12
1.06557392813273e-12,1.2883199695965e-12
1.06331018016727e-12,1.28184925252635e-12
1.06099014304155e-12,1.27542584018679e-12
1.058614411122e-12,1.2690530259587e-12
1.05618360453095e-12,1.26273407846569e-12
1.05369836868568e-12,1.25647223923383e-12
1.05115937381499e-12,1.25027072037284e-12
1.04856731445393e-12,1.24413270228114e-12
1.04592290891701e-12,1.23806133137734e-12
1.04322689875077e-12,1.23205971786064e-12
1.04048004816589e-12,1.22613093350256e-12
1.0376831434499e-12,1.22027800947253e-12
1.03483699236077e-12,1.2145039341997e-12
1.03194242350219e-12,1.20881165127328e-12
1.0290002856813e-12,1.20320405738378e-12
1.02601144724942e-12,1.19768400030755e-12
1.02297679542654e-12,1.19225427693655e-12
1.0198972356105e-12,1.18691763135597e-12
1.01677369067132e-12,1.18167675297132e-12
1.01360710023174e-12,1.17653427468762e-12
1.01039841993456e-12,1.17149277114223e-12
1.00714862069776e-12,1.1665547569936e-12
1.00385868795812e-12,1.16172268526764e-12
1.00052962090424e-12,1.15699894576373e-12
9.97162431699774e-13,1.15238586352186e-12
9.93758144697791e-13,1.14788569735294e-12
9.90317795647102e-13,1.1435006384335e-12
9.86842430891468e-13,1.13923280896666e-12
9.83333106562547e-13,1.13508426091062e-12
9.79790887767531e-13,1.13105697477611e-12
9.76216847772342e-13,1.12715285849411e-12
9.72612067181272e-13,1.12337374635495e-12
9.68977633114089e-13,1.11972139802012e-12
9.65314638381362e-13,1.11619749760752e-12
9.61624180659086e-13,1.1128036528514e-12
9.57907361663383e-13,1.10954139433759e-12
9.54165286326297e-13,1.10641217481491e-12
9.5039906197352e-13,1.10341736858339e-12
9.46609797505004e-13,1.10055827095985e-12
9.42798602579297e-13,1.09783609782129e-12
9.38966586802629e-13,1.09525198522654e-12
9.35114858923393e-13,1.09280698911631e-12
9.31244526033203e-13,1.09050208509194e-12
9.27356692775124e-13,1.08833816827284e-12
9.23452460560093e-13,1.08631605323263e-12
9.19532926792306e-13,1.08443647401383e-12
9.15599184104405e-13,1.08270008422092e-12
9.11652319603285e-13,1.08110745719134e-12
9.07693414127351e-13,1.07965908624413e-12
9.03723541515916e-13,1.0783553850056e-12
8.99743767891609e-13,1.0771966878115e-12
8.95755150956441e-13,1.07618325018472e-12
8.91758739302327e-13,1.07531524938813e-12
8.8775557173672e-13,1.0745927850512e-12
8.83746676624023e-13,1.07401587986966e-12
8.79733071243544e-13,1.07358448037705e-12
8.75715761164426e-13,1.07329845778694e-12
8.71695739638387e-13,1.07315760890446e-12
8.67673987010686e-13,1.07316165710593e-12
8.63651470149954e-13,1.073310253385e-12
8.59629141897388e-13,1.07360297746382e-12
8.55607940535844e-13,1.07403933896753e-12
8.51588789279237e-13,1.0746187786605e-12
8.47572595782804e-13,1.07534066974236e-12
8.43560251674511e-13,1.0762043192021e-12
8.39552632108133e-13,1.07720896922823e-12
8.35550595338245e-13,1.07835379867302e-12
8.31554982317499e-13,1.07963792456866e-12
8.27566616316539e-13,1.08106040369339e-12
8.23586302566668e-13,1.08262023418513e-12
8.19614827925709e-13,1.08431635720064e-12
8.1565296056705e-13,1.08614765861762e-12
8.11701449692193e-13,1.08811297077756e-12
8.07761025266858e-13,1.09021107426686e-12
