1.75729308765104e-12,2.00965073670837e-12
1.75802895494398e-12,2.01507558849299e-12
1.75876183042089e-12,2.02050900193511e-12
1.75949171122921e-12,2.02595094795797e-12
1.76021859449714e-12,2.03140139704787e-12
1.76094247733367e-12,2.03686031925197e-12
1.7616633568285e-12,2.04232768417621e-12
1.76238123005207e-12,2.04780346098319e-12
1.7630960940555e-12,2.05328761839003e-12
1.76380794587064e-12,2.05878012466624e-12
1.76451678250997e-12,2.06428094763169e-12
1.76522260096667e-12,2.06979005465444e-12
1.76592539821453e-12,2.07530741264863e-12
1.76662517120804e-12,2.08083298807252e-12
1.76732191688229e-12,2.08636674692626e-12
1.76801563215299e-12,2.09190865474987e-12
1.76870631391651e-12,2.09745867662122e-12
1.76939395904983e-12,2.1030167771539e-12
1.77007856441053e-12,2.10858292049517e-12
1.77076012683684e-12,2.11415707032395e-12
1.7714386431476e-12,2.11973918984873e-12
1.77211411014228e-12,2.12532924180559e-12
1.77278652460098e-12,2.13092718845607e-12
1.77345588328444e-12,2.13653299158525e-12
1.77412218293401e-12,2.14214661249965e-12
1.77478542027175e-12,2.14776801202529e-12
1.77544559200034e-12,2.15339715050559e-12
1.77610269480314e-12,2.15903398779946e-12
1.77675672534421e-12,2.16467848327925e-12
1.77740768026828e-12,2.17033059582878e-12
1.77805555620083e-12,2.17599028384135e-12
1.77870034974804e-12,2.18165750521779e-12
1.77934205749686e-12,2.18733221736443e-12
1.77998067601499e-12,2.19301437719121e-12
1.78061620185092e-12,2.1987039411097e-12
1.78124863153398e-12,2.20440086503112e-12
1.78187796157428e-12,2.2101051043644e-12
1.78250418846283e-12,2.21581661401432e-12
1.7831273086715e-12,2.22153534837947e-12
1.78374731865305e-12,2.22726126135039e-12
1.78436421484123e-12,2.23299430630766e-12
1.78497799365068e-12,2.23873443611992e-12
1.78558865147708e-12,2.24448160314207e-12
1.78619618469712e-12,2.25023575921326e-12
1.78680058966854e-12,2.25599685565508e-12
1.78740186273018e-12,2.26176484326966e-12
1.78800000020199e-12,2.26753967233775e-12
1.78859499838507e-12,2.27332129261688e-12
1.78918685356173e-12,2.27910965333949e-12
1.78977556199548e-12,2.28490470321107e-12
1.79036111993112e-12,2.2907063904083e-12
1.79094352359476e-12,2.29651466257721e-12
1.79152276919382e-12,2.30232946683131e-12
1.79209885291714e-12,2.30815074974982e-12
1.79267177093497e-12,2.31397845737575e-12
1.79324151939903e-12,2.31981253521417e-12
1.79380809444255e-12,2.32565292823033e-12
1.79437149218032e-12,2.33149958084785e-12
1.79493170870874e-12,2.33735243694699e-12
1.79548874010583e-12,2.34321143986273e-12
1.79604258243133e-12,2.34907653238309e-12
1.7965932317267e-12,2.35494765674728e-12
1.7971406840152e-12,2.36082475464393e-12
1.79768493530193e-12,2.36670776720935e-12
1.79822598157386e-12,2.37259663502571e-12
1.79876381879992e-12,2.3784912981193e-12
1.79929844293099e-12,2.38439169595879e-12
1.79982984990003e-12,2.39029776745345e-12
1.80035803562207e-12,2.39620945095144e-12
1.80088299599428e-12,2.40212668423801e-12
1.80140472689603e-12,2.40804940453383e-12
1.80192322418896e-12,2.41397754849324e-12
1.80243848371698e-12,2.41991105220253e-12
1.80295050130639e-12,2.42584985117818e-12
1.80345927276588e-12,2.4317938803652e-12
1.80396479388664e-12,2.43774307413542e-12
1.80446706044236e-12,2.44369736628577e-12
1.80496606818934e-12,2.44965669003657e-12
1.8054618128665e-12,2.45562097802989e-12
1.80595429019549e-12,2.46159016232781e-12
1.80644349588069e-12,2.46756417441078e-12
1.80692942560931e-12,2.47354294517591e-12
1.80741207505145e-12,2.47952640493533e-12
1.80789143986011e-12,2.48551448341451e-12
1.80836751567133e-12,2.49150710975061e-12
1.80884029810418e-12,2.49750421249079e-12
1.80930978276085e-12,2.50350571959063e-12
1.80977596522671e-12,2.50951155841239e-12
1.81023884107039e-12,2.51552165572346e-12
1.81069840584378e-12,2.52153593769467e-12
1.81115465508216e-12,2.52755432989867e-12
1.81160758430424e-12,2.53357675730829e-12
1.81205718901219e-12,2.53960314429497e-12
1.81250346469174e-12,2.54563341462705e-12
1.81294640681223e-12,2.55166749146825e-12
1.81338601082669e-12,2.557705297376e-12
1.81382227217187e-12,2.56374675429987e-12
1.81425518626831e-12,2.56979178357994e-12
1.81468474852042e-12,2.5758403059452e-12
1.81511095431655e-12,2.581892241512e-12
1.81553379902902e-12,2.58794750978243e-12
1.8159532780142e-12,2.59400602964273e-12
1.81636938661258e-12,2.6000677193617e-12
1.81678212014884e-12,2.60613249658918e-12
1.81719147393188e-12,2.61220027835442e-12
1.8175974432549e-12,2.61827098106449e-12
1.8180000233955e-12,2.62434452050283e-12
1.81839920961569e-12,2.63042081182754e-12
1.81879499716196e-12,2.63649976956992e-12
1.81918738126538e-12,2.64258130763288e-12
1.81957635714164e-12,2.6486653392894e-12
1.81996191999109e-12,2.65475177718098e-12
1.82034406499885e-12,2.66084053331607e-12
1.82072278733483e-12,2.66693151906859e-12
1.82109808215384e-12,2.67302464517631e-12
1.82146994459559e-12,2.6791198217394e-12
1.82183836978479e-12,2.68521695821881e-12
1.82220335283124e-12,2.69131596343485e-12
1.82256488882984e-12,2.69741674556555e-12
1.82292297286065e-12,2.70351921214522e-12
1.82327759998901e-12,2.7096232700629e-12
1.82362876526555e-12,2.71572882556085e-12
1.82397646372626e-12,2.72183578423304e-12
1.82432069039258e-12,2.72794405102364e-12
1.82466144027139e-12,2.73405353022549e-12
1.82499870835517e-12,2.74016412547865e-12
1.82533248962198e-12,2.74627573976884e-12
1.82566277903556e-12,2.75238827542598e-12
1.82598957154536e-12,2.7585016341227e-12
1.82631286208665e-12,2.76461571687282e-12
1.82663264558051e-12,2.77073042402987e-12
1.82694891693393e-12,2.77684565528561e-12
1.82726167103989e-12,2.78296130966858e-12
1.82757090277736e-12,2.78907728554253e-12
1.82787660701139e-12,2.79519348060505e-12
1.82817877859319e-12,2.80130979188601e-12
1.82847741236015e-12,2.80742611574615e-12
1.82877250313588e-12,2.81354234787556e-12
1.82906404573034e-12,2.81965838329227e-12
1.82935203493982e-12,2.82577411634072e-12
1.82963646554704e-12,2.83188944069037e-12
1.82991733232117e-12,2.8380042493342e-12
1.83019463001794e-12,2.84411843458724e-12
1.83046835337962e-12,2.85023188808519e-12
1.83073849713513e-12,2.85634450078288e-12
1.8310050560001e-12,2.86245616295294e-12
1.83126802467684e-12,2.8685667641842e-12
1.83152739785451e-12,2.87467619338041e-12
1.83178317020909e-12,2.88078433875874e-12
1.83203533640344e-12,2.8868910878483e-12
1.83228389108738e-12,2.89299632748879e-12
1.83252882889774e-12,2.89909994382902e-12
1.83277014445836e-12,2.90520182232552e-12
1.83300783238022e-12,2.91130184774114e-12
1.83324188726141e-12,2.91739990414355e-12
1.83347230368723e-12,2.92349587490393e-12
1.83369907623022e-12,2.9295896426955e-12
1.83392219945022e-12,2.93568108949212e-12
1.83414166789438e-12,2.94177009656693e-12
1.83435747609727e-12,2.94785654449092e-12
1.83456961858089e-12,2.95394031313155e-12
1.83477808985468e-12,2.96002128165135e-12
1.83498288441564e-12,2.96609932850655e-12
1.83518399674833e-12,2.97217433144572e-12
1.83538142132492e-12,2.97824616750834e-12
1.83557515260525e-12,2.98431471302349e-12
1.83576518503684e-12,2.99037984360846e-12
1.83595151305499e-12,2.9964414341674e-12
1.83613413108275e-12,3.00249935888992e-12
1.83631303353103e-12,3.00855349124984e-12
1.83648821479861e-12,3.01460370400373e-12
1.83665966927219e-12,3.02064986918967e-12
1.83682739132641e-12,3.02669185812588e-12
1.83699137532392e-12,3.03272954140935e-12
1.83715161561542e-12,3.0387627889146e-12
1.83730810653967e-12,3.04479146979231e-12
1.83746084242357e-12,3.05081545246807e-12
1.83760981758217e-12,3.05683460464099e-12
1.83775502631871e-12,3.0628487932825e-12
1.8378964629247e-12,3.06885788463502e-12
1.83803412167989e-12,3.07486174421068e-12
1.83816799685236e-12,3.08086023679005e-12
1.83829808269856e-12,3.08685322642091e-12
1.8384243734633e-12,3.09284057641696e-12
1.83854686337984e-12,3.09882214935657e-12
1.83866554666992e-12,3.10479780708159e-12
1.83878041754373e-12,3.11076741069606e-12
1.83889147020006e-12,3.11673082056506e-12
1.83899869882624e-12,3.12268789631344e-12
1.83910209759821e-12,3.12863849682463e-12
1.83920166068059e-12,3.13458248023951e-12
1.83929738222665e-12,3.14051970395516e-12
1.8393892563784e-12,3.14645002462373e-12
1.83947727726659e-12,3.15237329815126e-12
1.83956143901079e-12,3.15828937969658e-12
1.83964173571935e-12,3.16419812367012e-12
1.83971816148952e-12,3.17009938373283e-12
1.83979071040744e-12,3.17599301279506e-12
1.83985937654816e-12,3.18187886301547e-12
1.83992415397573e-12,3.18775678579993e-12
1.83998503674318e-12,3.19362663180047e-12
1.84004201889257e-12,3.19948825091422e-12
1.84009509445506e-12,3.20534149228238e-12
1.84014425745089e-12,3.21118620428919e-12
1.84018950188946e-12,3.21702223456091e-12
1.84023082176933e-12,3.22284942996483e-12
1.8402682110783e-12,3.22866763660832e-12
1.84030166379338e-12,3.23447669983784e-12
1.84033117388091e-12,3.24027646423803e-12
1.84035673529652e-12,3.24606677363075e-12
1.8403783419852e-12,3.25184747107417e-12
1.84039598788134e-12,3.25761839886193e-12
1.84040966690876e-12,3.26337939852224e-12
1.84041937298074e-12,3.26913031081702e-12
1.84042510000007e-12,3.2748709757411e-12
1.84042684185908e-12,3.28060123252139e-12
1.84042459243968e-12,3.28632091961614e-12
1.8404183456134e-12,3.29202987471409e-12
1.84040809524143e-12,3.29772793473381e-12
1.84039383517466e-12,3.30341493582296e-12
1.84037555925369e-12,3.30909071335756e-12
1.84035326130894e-12,3.31475510194139e-12
1.84032693516062e-12,3.32040793540529e-12
1.8402965746188e-12,3.3260490468065e-12
1.84026217348348e-12,3.33167826842823e-12
1.84022372554458e-12,3.33729543177891e-12
1.84018122458201e-12,3.34290036759175e-12
1.84013466436573e-12,3.34849290582424e-12
1.84008403865576e-12,3.35407287565758e-12
1.84002934120228e-12,3.35964010549636e-12
1.83997056574561e-12,3.36519442296804e-12
1.83990770601631e-12,3.37073565492257e-12
1.83984075573519e-12,3.37626362743207e-12
1.8397697086134e-12,3.38177816579051e-12
1.83969455835247e-12,3.38727909451338e-12
1.83961529864431e-12,3.39276623733745e-12
1.83953192317135e-12,3.39823941722053e-12
1.83944442560654e-12,3.40369845634134e-12
1.8393527996134e-12,3.40914317609932e-12
1.83925703884611e-12,3.41457339711448e-12
1.83915713694954e-12,3.41998893922741e-12
1.83905308755934e-12,3.42538962149921e-12
1.83894488430194e-12,3.43077526221144e-12
1.83883252079469e-12,3.43614567886624e-12
1.83871599064588e-12,3.4415006881864e-12
1.83859528745481e-12,3.44684010611548e-12
1.83847040481184e-12,3.45216374781799e-12
1.83834133629849e-12,3.45747142767957e-12
1.83820807548751e-12,3.46276295930733e-12
1.83807061594291e-12,3.46803815553009e-12
1.83792895122009e-12,3.4732968283988e-12
1.83778307486587e-12,3.47853878918689e-12
1.83763298041857e-12,3.48376384839072e-12
1.83747866140813e-12,3.48897181573017e-12
1.83732011135614e-12,3.49416250014908e-12
1.83715732377595e-12,3.49933570981599e-12
1.83699029217277e-12,3.50449125212464e-12
1.8368190100437e-12,3.50962893369485e-12
1.8366434708779e-12,3.5147485603732e-12
1.83646366815659e-12,3.51984993723386e-12
1.83627959535322e-12,3.5249328685795e-12
1.83609124593354e-12,3.52999715794225e-12
1.83589861335569e-12,3.53504260808468e-12
1.83570169107028e-12,3.54006902100084e-12
1.83550047252055e-12,3.54507619791746e-12
1.83529495114243e-12,3.55006393929506e-12
1.83508512036468e-12,3.55503204482929e-12
1.83487097360895e-12,3.5599803134522e-12
1.83465250428994e-12,3.56490854333358e-12
1.83442970581553e-12,3.56981653188253e-12
1.83420257158683e-12,3.57470407574894e-12
1.83397109499838e-12,3.57957097082502e-12
1.83373526943821e-12,3.58441701224709e-12
1.83349508828801e-12,3.58924199439716e-12
1.83325054492326e-12,3.59404571090494e-12
1.83300163271333e-12,3.59882795464957e-12
1.83274834502164e-12,3.60358851776165e-12
1.83249067520584e-12,3.60832719162531e-12
1.83222861661786e-12,3.6130437668803e-12
1.83196216260416e-12,3.61773803342418e-12
1.83169130650577e-12,3.62240978041463e-12
1.83141604165857e-12,3.62705879627186e-12
1.83113636139338e-12,3.63168486868104e-12
1.83085225903607e-12,3.63628778459477e-12
1.83056372790784e-12,3.6408673302358e-12
1.83027076132528e-12,3.64542329109974e-12
1.82997335260064e-12,3.64995545195783e-12
1.82967149504194e-12,3.65446359685988e-12
1.82936518195315e-12,3.65894750913725e-12
1.82905440663443e-12,3.66340697140592e-12
1.82873916238225e-12,3.66784176556969e-12
1.82841944248964e-12,3.6722516728235e-12
1.82809524024634e-12,3.67663647365671e-12
1.82776654893905e-12,3.68099594785677e-12
1.82743336185159e-12,3.68532987451258e-12
1.82709567226512e-12,3.68963803201831e-12
1.82675347345842e-12,3.69392019807725e-12
1.82640675870797e-12,3.69817614970549e-12
1.82605552128834e-12,3.70240566323625e-12
1.82569975447227e-12,3.70660851432365e-12
