1.59831608965219e-12,2.20252723467143e-12
1.60287971007497e-12,2.20390886308251e-12
1.60740184471552e-12,2.20522092914347e-12
1.61188175084596e-12,2.2064642203652e-12
1.61631869886146e-12,2.20763955506553e-12
1.62071197261739e-12,2.20874778207111e-12
1.62506086975862e-12,2.20978978040041e-12
1.62936470204077e-12,2.21076645892815e-12
1.63362279564309e-12,2.21167875603119e-12
1.63783449147294e-12,2.21252763921629e-12
1.64199914546138e-12,2.21331410472981e-12
1.64611612884997e-12,2.21403917714976e-12
1.65018482846831e-12,2.21470390896041e-12
1.65420464700233e-12,2.2153093801097e-12
1.65817500325305e-12,2.21585669754993e-12
1.66209533238561e-12,2.21634699476175e-12
1.66596508616846e-12,2.21678143126217e-12
1.66978373320263e-12,2.2171611920966e-12
1.6735507591406e-12,2.21748748731543e-12
1.67726566689512e-12,2.21776155143556e-12
1.68092797683743e-12,2.21798464288725e-12
1.68453722698485e-12,2.21815804344649e-12
1.68809297317786e-12,2.21828305765375e-12
1.69159478924621e-12,2.218361012219e-12
1.69504226716417e-12,2.21839325541388e-12
1.69843501719482e-12,2.21838115645121e-12
1.70177266802319e-12,2.21832610485241e-12
1.7050548668783e-12,2.21822950980323e-12
1.70828127964394e-12,2.21809279949838e-12
1.7114515909582e-12,2.21791742047544e-12
1.71456550430158e-12,2.21770483693856e-12
1.71762274207389e-12,2.21745653007258e-12
1.72062304565963e-12,2.2171739973479e-12
1.72356617548198e-12,2.21685875181679e-12
1.72645191104536e-12,2.21651232140156e-12
1.72928005096662e-12,2.21613624817517e-12
1.73205041299473e-12,2.21573208763489e-12
1.73476283401909e-12,2.21530140796942e-12
1.73741717006646e-12,2.21484578932011e-12
1.74001329628659e-12,2.21436682303689e-12
1.74255110692646e-12,2.21386611092938e-12
1.74503051529332e-12,2.21334526451377e-12
1.74745145370658e-12,2.2128059042561e-12
1.7498138734385e-12,2.21224965881246e-12
1.7521177446439e-12,2.2116781642667e-12
1.75436305627889e-12,2.21109306336624e-12
1.75654981600878e-12,2.21049600475656e-12
1.75867805010519e-12,2.20988864221491e-12
1.76074780333256e-12,2.20927263388394e-12
1.76275913882413e-12,2.2086496415056e-12
1.76471213794756e-12,2.2080213296562e-12
1.76660690016024e-12,2.20738936498294e-12
1.76844354285456e-12,2.20675541544265e-12
1.7702222011932e-12,2.20612114954316e-12
1.77194302793464e-12,2.20548823558811e-12
1.77360619324905e-12,2.2048583409255e-12
1.77521188452467e-12,2.20423313120069e-12
1.77676030616508e-12,2.20361426961445e-12
1.77825167937719e-12,2.20300341618641e-12
1.77968624195055e-12,2.20240222702477e-12
1.78106424802781e-12,2.20181235360246e-12
1.78238596786685e-12,2.20123544204054e-12
1.78365168759456e-12,2.20067313239928e-12
1.78486170895263e-12,2.20012705797745e-12
1.78601634903554e-12,2.19959884462022e-12
1.78711594002095e-12,2.19909011003642e-12
1.78816082889272e-12,2.1986024631254e-12
1.78915137715696e-12,2.19813750331411e-12
1.79008796055107e-12,2.19769681990478e-12
1.79097096874629e-12,2.19728199143389e-12
1.79180080504387e-12,2.19689458504247e-12
1.79257788606515e-12,2.19653615585859e-12
1.79330264143586e-12,2.19620824639222e-12
1.79397551346478e-12,2.19591238594292e-12
1.79459695681726e-12,2.19565009002087e-12
1.79516743818359e-12,2.19542285978142e-12
1.79568743594271e-12,2.19523218147379e-12
1.79615743982147e-12,2.19507952590407e-12
1.79657795054971e-12,2.19496634791295e-12
1.79694947951144e-12,2.19489408586858e-12
1.79727254839239e-12,2.19486416117474e-12
1.79754768882437e-12,2.19487797779479e-12
1.7977754420264e-12,2.19493692179148e-12
1.79795635844332e-12,2.19504236088314e-12
1.79809099738176e-12,2.19519564401632e-12
1.79817992664411e-12,2.19539810095517e-12
1.79822372216048e-12,2.19565104188783e-12
1.7982229676192e-12,2.19595575705003e-12
1.79817825409597e-12,2.19631351636603e-12
1.79809017968201e-12,2.19672556910718e-12
1.79795934911155e-12,2.19719314356815e-12
1.79778637338883e-12,2.19771744676105e-12
1.79757186941502e-12,2.19829966412755e-12
1.79731645961524e-12,2.19894095926911e-12
1.79702077156609e-12,2.19964247369539e-12
1.7966854376238e-12,2.20040532659093e-12
1.79631109455345e-12,2.20123061460017e-12
1.79589838315936e-12,2.20211941163083e-12
1.79544794791715e-12,2.20307276867571e-12
1.79496043660752e-12,2.20409171365284e-12
1.79443649995211e-12,2.20517725126407e-12
1.79387679125174e-12,2.20633036287198e-12
1.79328196602718e-12,2.20755200639516e-12
1.79265268166291e-12,2.20884311622166e-12
1.79198959705381e-12,2.21020460314065e-12
1.79129337225531e-12,2.21163735429227e-12
1.79056466813715e-12,2.21314223313523e-12
1.7898041460409e-12,2.21472007943241e-12
1.78901246744156e-12,2.21637170925414e-12
1.78819029361354e-12,2.21809791499892e-12
1.78733828530101e-12,2.21989946543161e-12
1.78645710239307e-12,2.22177710573869e-12
1.78554740360388e-12,2.22373155760055e-12
1.78460984615785e-12,2.22576351928041e-12
1.78364508548024e-12,2.22787366572991e-12
1.78265377489326e-12,2.23006264871071e-12
1.78163656531793e-12,2.23233109693231e-12
1.7805941049818e-12,2.23467961620537e-12
1.77952703913276e-12,2.23710878961051e-12
1.77843600975907e-12,2.23961917768227e-12
1.77732165531586e-12,2.24221131860773e-12
1.77618461045808e-12,2.24488572843962e-12
1.77502550578021e-12,2.24764290132357e-12
1.77384496756279e-12,2.25048330973906e-12
1.77264361752592e-12,2.25340740475373e-12
1.77142207258985e-12,2.25641561629073e-12
1.77018094464275e-12,2.25950835340865e-12
1.76892084031581e-12,2.26268600459368e-12
1.76764236076577e-12,2.26594893806359e-12
1.76634610146491e-12,2.26929750208298e-12
1.7650326519987e-12,2.27273202528967e-12
1.76370259587106e-12,2.27625281703148e-12
1.76235651031738e-12,2.27986016771317e-12
1.76099496612536e-12,2.28355434915292e-12
1.75961852746368e-12,2.28733561494813e-12
1.75822775171858e-12,2.29120420084983e-12
1.75682318933842e-12,2.29516032514539e-12
1.75540538368615e-12,2.29920418904899e-12
1.75397487089984e-12,2.30333597709942e-12
1.7525321797612e-12,2.30755585756471e-12
1.75107783157208e-12,2.31186398285308e-12
1.7496123400391e-12,2.31626048992974e-12
1.74813621116618e-12,2.32074550073909e-12
1.74664994315516e-12,2.3253191226318e-12
1.74515402631432e-12,2.32998144879623e-12
1.74364894297497e-12,2.33473255869381e-12
1.74213516741579e-12,2.33957251849771e-12
1.74061316579523e-12,2.3445013815346e-12
1.73908339609156e-12,2.34951918872862e-12
1.73754630805078e-12,2.35462596904749e-12
1.73600234314223e-12,2.35982173994982e-12
1.73445193452176e-12,2.36510650783362e-12
1.73289550700252e-12,2.37048026848511e-12
1.73133347703317e-12,2.37594300752759e-12
1.72976625268345e-12,2.38149470086986e-12
1.7281942336371e-12,2.38713531515358e-12
1.72661781119188e-12,2.39286480819935e-12
1.72503736826662e-12,2.39868312945084e-12
1.72345327941534e-12,2.40459022041658e-12
1.72186591084808e-12,2.41058601510904e-12
1.72027562045847e-12,2.41667044048042e-12
1.71868275785786e-12,2.42284341685487e-12
1.71708766441588e-12,2.42910485835653e-12
1.71549067330731e-12,2.43545467333329e-12
1.71389210956502e-12,2.44189276477539e-12
1.71229229013899e-12,2.44841903072891e-12
1.71069152396106e-12,2.45503336470362e-12
1.70909011201546e-12,2.46173565607455e-12
1.70748834741474e-12,2.46852579047744e-12
1.70588651548109e-12,2.4754036501971e-12
1.70428489383284e-12,2.48236911454893e-12
1.70268375247594e-12,2.4894220602528e-12
1.70108335390021e-12,2.49656236179922e-12
1.69948395318025e-12,2.50378989180739e-12
1.69788579808087e-12,2.51110452137495e-12
1.69628912916661e-12,2.51850612041893e-12
1.69469417991547e-12,2.52599455800787e-12
1.69310117683651e-12,2.5335697026847e-12
1.69151033959104e-12,2.5412314227802e-12
1.68992188111738e-12,2.54897958671673e-12
1.68833600775893e-12,2.55681406330219e-12
1.68675291939522e-12,2.56473472201375e-12
1.68517280957602e-12,2.57274143327141e-12
1.68359586565802e-12,2.58083406870111e-12
1.68202226894404e-12,2.5890125013871e-12
1.68045219482458e-12,2.59727660611376e-12
1.67888581292139e-12,2.60562625959637e-12
1.67732328723304e-12,2.61406134070101e-12
1.67576477628205e-12,2.62258173065322e-12
1.67421043326367e-12,2.63118731323569e-12
1.67266040619579e-12,2.63987797497448e-12
1.67111483807013e-12,2.64865360531414e-12
1.66957386700416e-12,2.65751409678133e-12
1.66803762639386e-12,2.66645934513718e-12
1.66650624506689e-12,2.67548924951825e-12
1.6649798474362e-12,2.68460371256616e-12
1.66345855365362e-12,2.69380264054578e-12
1.66194247976354e-12,2.70308594345223e-12
1.66043173785625e-12,2.71245353510656e-12
1.65892643622088e-12,2.72190533324023e-12
1.6574266794978e-12,2.73144125956858e-12
1.65593256883012e-12,2.74106123985312e-12
1.65444420201431e-12,2.75076520395304e-12
1.65296167364968e-12,2.76055308586587e-12
1.65148507528661e-12,2.77042482375753e-12
1.65001449557319e-12,2.78038035998184e-12
1.64855002040043e-12,2.79041964108964e-12
1.6470917330455e-12,2.80054261782793e-12
1.64563971431322e-12,2.8107492451287e-12
1.64419404267537e-12,2.82103948208834e-12
1.64275479440779e-12,2.83141329193718e-12
1.64132204372521e-12,2.84187064199987e-12
1.63989586291348e-12,2.85241150364647e-12
1.63847632245927e-12,2.86303585223486e-12
1.63706349117697e-12,2.87374366704436e-12
1.63565743633276e-12,2.88453493120105e-12
1.63425822376576e-12,2.89540963159506e-12
1.63286591800591e-12,2.90636775878993e-12
1.63148058238892e-12,2.91740930692459e-12
1.6301022791677e-12,2.92853427360806e-12
1.62873106962061e-12,2.93974265980727e-12
1.62736701415604e-12,2.95103446972824e-12
1.62601017241367e-12,2.96240971069113e-12
1.62466060336184e-12,2.97386839299918e-12
1.62331836539152e-12,2.98541052980217e-12
1.62198351640628e-12,2.99703613695466e-12
1.62065611390851e-12,3.00874523286906e-12
1.61933621508187e-12,3.02053783836454e-12
1.61802387686968e-12,3.03241397651136e-12
1.61671915604939e-12,3.04437367247157e-12
1.61542210930315e-12,3.05641695333617e-12
1.61413279328415e-12,3.06854384795904e-12
1.61285126467914e-12,3.08075438678831e-12
1.61157758026669e-12,3.09304860169514e-12
1.61031179697146e-12,3.10542652580063e-12
1.60905397191438e-12,3.11788819330095e-12
1.60780416245871e-12,3.13043363929124e-12
1.60656242625199e-12,3.14306289958865e-12
1.605328821264e-12,3.15577601055471e-12
1.60410340582054e-12,3.16857300891758e-12
1.60288623863328e-12,3.18145393159449e-12
1.60167737882551e-12,3.19441881551465e-12
1.60047688595395e-12,3.20746769744314e-12
1.59928482002662e-12,3.22060061380597e-12
1.59810124151677e-12,3.23381760051684e-12
1.59692621137298e-12,3.24711869280565e-12
1.59575979102549e-12,3.26050392504956e-12
1.59460204238867e-12,3.27397333060642e-12
1.59345302785998e-12,3.28752694165129e-12
1.59231281031511e-12,3.30116478901623e-12
1.59118145309977e-12,3.31488690203349e-12
1.59005902001787e-12,3.3286933083829e-12
1.58894557531636e-12,3.34258403394313e-12
1.58784118366679e-12,3.35655910264769e-12
1.58674591014361e-12,3.37061853634546e-12
1.58565982019937e-12,3.38476235466647e-12
1.58458297963685e-12,3.39899057489279e-12
1.58351545457837e-12,3.41330321183515e-12
1.58245731143213e-12,3.42770027771521e-12
1.58140861685591e-12,3.44218178205392e-12
1.58036943771818e-12,3.45674773156613e-12
1.57933984105666e-12,3.47139813006172e-12
1.5783198940345e-12,3.48613297835328e-12
1.57730966389425e-12,3.50095227417072e-12
1.57630921790964e-12,3.51585601208286e-12
1.5753186233353e-12,3.53084418342629e-12
1.5743379473547e-12,3.54591677624155e-12
1.57336725702618e-12,3.56107377521665e-12
1.57240661922745e-12,3.5763151616384e-12
1.5714561005985e-12,3.5916409133514e-12
1.57051576748316e-12,3.60705100472473e-12
1.56958568586945e-12,3.62254540662674e-12
1.56866592132866e-12,3.63812408640761e-12
1.56775653895369e-12,3.65378700789014e-12
1.56685760329628e-12,3.66953413136849e-12
1.56596917830374e-12,3.68536541361511e-12
1.56509132725497e-12,3.70128080789573e-12
1.56422411269606e-12,3.71728026399252e-12
1.56336759637563e-12,3.73336372823547e-12
1.56252183917993e-12,3.7495311435416e-12
1.56168690106796e-12,3.76578244946257e-12
1.56086284100661e-12,3.78211758224007e-12
1.56004971690611e-12,3.79853647486925e-12
1.55924758555572e-12,3.81503905716993e-12
1.55845650256007e-12,3.83162525586573e-12
1.55767652227593e-12,3.84829499467073e-12
1.55690769774984e-12,3.86504819438377e-12
1.5561500806566e-12,3.8818847729901e-12
1.55540372123865e-12,3.89880464577034e-12
1.55466866824673e-12,3.91580772541662e-12
1.55394496888158e-12,3.93289392215552e-12
1.55323266873708e-12,3.95006314387787e-12
1.55253181174491e-12,3.96731529627521e-12
1.55184244012062e-12,3.98465028298235e-12
1.55116459431151e-12,4.0020680057264e-12
1.55049831294622e-12,4.01956836448149e-12
1.54984363278622e-12,4.03715125762929e-12
1.54920058867932e-12,4.0548165821249e-12
1.54856921351517e-12,4.07256423366802e-12
1.54794953818297e-12,4.09039410687885e-12
