1.61431116836033e-12,1.49523884945693e-12
1.61493585031331e-12,1.49982356131682e-12
1.61555915206235e-12,1.50441852353043e-12
1.61618107609321e-12,1.50902372001483e-12
1.61680162487277e-12,1.5136391342708e-12
1.61742080084875e-12,1.51826474937886e-12
1.61803860644953e-12,1.52290054799511e-12
1.61865504408383e-12,1.52754651234717e-12
1.61927011614053e-12,1.53220262422991e-12
1.61988382498834e-12,1.53686886500126e-12
1.62049617297554e-12,1.54154521557785e-12
1.62110716242976e-12,1.5462316564307e-12
1.62171679565758e-12,1.55092816758077e-12
1.62232507494436e-12,1.5556347285945e-12
1.62293200255384e-12,1.56035131857929e-12
1.62353758072786e-12,1.56507791617891e-12
1.62414181168607e-12,1.56981449956886e-12
1.62474469762555e-12,1.57456104645167e-12
1.62534624072049e-12,1.57931753405216e-12
1.62594644312189e-12,1.58408393911262e-12
1.62654530695714e-12,1.58886023788797e-12
1.6271428343297e-12,1.59364640614078e-12
1.62773902731872e-12,1.59844241913634e-12
1.62833388797868e-12,1.60324825163764e-12
1.62892741833894e-12,1.60806387790019e-12
1.62951962040346e-12,1.61288927166697e-12
1.6301104961503e-12,1.61772440616313e-12
1.63070004753122e-12,1.62256925409081e-12
1.63128827647133e-12,1.62742378762374e-12
1.63187518486857e-12,1.63228797840189e-12
1.63246077459336e-12,1.63716179752603e-12
1.63304504748808e-12,1.64204521555224e-12
1.63362800536668e-12,1.64693820248633e-12
1.63420965001418e-12,1.65184072777825e-12
1.63478998318621e-12,1.65675276031638e-12
1.63536900660855e-12,1.66167426842189e-12
1.6359467219766e-12,1.66660521984284e-12
1.63652313095494e-12,1.67154558174842e-12
1.63709823517678e-12,1.676495320723e-12
1.63767203624349e-12,1.68145440276021e-12
1.63824453572403e-12,1.6864227932569e-12
1.63881573515448e-12,1.69140045700708e-12
1.63938563603743e-12,1.69638735819578e-12
1.63995423984153e-12,1.70138346039288e-12
1.64052154800082e-12,1.70638872654684e-12
1.64108756191428e-12,1.71140311897846e-12
1.64165228294519e-12,1.71642659937446e-12
1.64221571242056e-12,1.7214591287811e-12
1.64277785163055e-12,1.72650066759772e-12
1.6433387018279e-12,1.73155117557023e-12
1.64389826422726e-12,1.73661061178448e-12
1.64445654000465e-12,1.74167893465972e-12
1.6450135302968e-12,1.74675610194184e-12
1.6455692362005e-12,1.75184207069666e-12
1.64612365877202e-12,1.75693679730314e-12
1.64667679902642e-12,1.76204023744655e-12
1.6472286579369e-12,1.76715234611155e-12
1.64777923643417e-12,1.77227307757525e-12
1.64832853540571e-12,1.77740238540021e-12
1.64887655569519e-12,1.78254022242741e-12
1.64942329810169e-12,1.78768654076911e-12
1.64996876337907e-12,1.7928412918017e-12
1.65051295223522e-12,1.79800442615856e-12
1.65105586533139e-12,1.80317589372271e-12
1.65159750328144e-12,1.80835564361961e-12
1.65213786665114e-12,1.81354362420971e-12
1.65267695595742e-12,1.81873978308115e-12
1.65321477166761e-12,1.82394406704225e-12
1.65375131419873e-12,1.82915642211406e-12
1.65428658391673e-12,1.83437679352282e-12
1.65482058113567e-12,1.83960512569235e-12
1.65535330611701e-12,1.84484136223644e-12
1.65588475906881e-12,1.85008544595124e-12
1.65641494014493e-12,1.85533731880746e-12
1.65694384944425e-12,1.86059692194266e-12
1.65747148700987e-12,1.86586419565349e-12
1.65799785282827e-12,1.8711390793878e-12
1.65852294682855e-12,1.87642151173679e-12
1.65904676888156e-12,1.88171143042712e-12
1.65956931879908e-12,1.88700877231294e-12
1.66009059633299e-12,1.89231347336788e-12
1.66061060117445e-12,1.89762546867709e-12
1.66112933295299e-12,1.90294469242913e-12
1.6616467912357e-12,1.90827107790789e-12
1.66216297552636e-12,1.91360455748451e-12
1.66267788526455e-12,1.91894506260913e-12
1.6631915198248e-12,1.9242925238028e-12
1.66370387851568e-12,1.92964687064922e-12
1.66421496057894e-12,1.93500803178649e-12
1.66472476518858e-12,1.94037593489882e-12
1.66523329144998e-12,1.94575050670829e-12
1.66574053839898e-12,1.95113167296646e-12
1.66624650500096e-12,1.95651935844604e-12
1.66675119014993e-12,1.96191348693254e-12
1.66725459266761e-12,1.96731398121584e-12
1.6677567113025e-12,1.97272076308177e-12
1.66825754472891e-12,1.97813375330372e-12
1.66875709154609e-12,1.98355287163412e-12
1.6692553502772e-12,1.98897803679601e-12
1.66975231936843e-12,1.99440916647455e-12
1.670247997188e-12,1.99984617730851e-12
1.67074238202523e-12,2.00528898488174e-12
1.67123547208954e-12,2.01073750371466e-12
1.67172726550952e-12,2.01619164725572e-12
1.67221776033192e-12,2.02165132787284e-12
1.67270695452068e-12,2.02711645684488e-12
1.67319484595597e-12,2.03258694435305e-12
1.67368143243318e-12,2.03806269947238e-12
1.67416671166193e-12,2.04354363016311e-12
1.67465068126507e-12,2.04902964326216e-12
1.67513333877771e-12,2.05452064447454e-12
1.67561468164618e-12,2.0600165383648e-12
1.67609470722706e-12,2.06551722834841e-12
1.67657341278614e-12,2.0710226166833e-12
1.67705079549741e-12,2.07653260446122e-12
1.6775268524421e-12,2.08204709159923e-12
1.67800158060756e-12,2.08756597683118e-12
1.67847497688633e-12,2.09308915769914e-12
1.67894703807507e-12,2.09861653054494e-12
1.67941776087356e-12,2.10414799050167e-12
1.67988714188366e-12,2.10968343148517e-12
1.68035517760826e-12,2.11522274618561e-12
1.68082186445028e-12,2.120765826059e-12
1.68128719871162e-12,2.12631256131884e-12
1.68175117659213e-12,2.1318628409277e-12
1.68221379418856e-12,2.13741655258884e-12
1.68267504749354e-12,2.14297358273788e-12
1.68313493239454e-12,2.14853381653452e-12
1.68359344467279e-12,2.15409713785423e-12
1.6840505800023e-12,2.15966342928003e-12
1.68450633394879e-12,2.16523257209428e-12
1.6849607019686e-12,2.17080444627051e-12
1.68541367940775e-12,2.17637893046531e-12
1.6858652615008e-12,2.18195590201021e-12
1.68631544336985e-12,2.18753523690368e-12
1.68676422002351e-12,2.19311680980312e-12
1.68721158635582e-12,2.1987004940169e-12
1.68765753714524e-12,2.20428616149649e-12
1.68810206705359e-12,2.20987368282859e-12
1.68854517062503e-12,2.21546292722738e-12
1.68898684228499e-12,2.22105376252676e-12
1.68942707633915e-12,2.22664605517268e-12
1.68986586697241e-12,2.23223967021554e-12
1.69030320824786e-12,2.23783447130266e-12
1.69073909410571e-12,2.24343032067078e-12
1.69117351836231e-12,2.24902707913864e-12
1.69160647470907e-12,2.25462460609966e-12
1.69203795671147e-12,2.26022275951468e-12
1.69246795780806e-12,2.26582139590476e-12
1.69289647130935e-12,2.27142037034404e-12
1.69332349039687e-12,2.27701953645274e-12
1.69374900812216e-12,2.28261874639021e-12
1.6941730174057e-12,2.28821785084806e-12
1.69459551103595e-12,2.29381669904337e-12
1.69501648166833e-12,2.29941513871201e-12
1.69543592182423e-12,2.30501301610204e-12
1.69585382389e-12,2.31061017596723e-12
1.69627018011596e-12,2.31620646156063e-12
1.69668498261544e-12,2.3218017146283e-12
1.69709822336377e-12,2.32739577540308e-12
1.69750989419733e-12,2.3329884825985e-12
1.69791998681253e-12,2.33857967340281e-12
1.69832849276491e-12,2.3441691834731e-12
1.69873540346814e-12,2.34975684692953e-12
1.69914071019307e-12,2.35534249634965e-12
1.69954440406681e-12,2.36092596276298e-12
1.69994647607174e-12,2.36650707564542e-12
1.70034691704463e-12,2.37208566291417e-12
1.70074571767567e-12,2.37766155092242e-12
1.70114286850757e-12,2.38323456445437e-12
1.70153835993465e-12,2.38880452672035e-12
1.70193218220192e-12,2.39437125935203e-12
1.7023243254042e-12,2.39993458239781e-12
1.70271477948522e-12,2.40549431431832e-12
1.70310353423672e-12,2.41105027198208e-12
1.70349057929763e-12,2.4166022706613e-12
1.70387590415314e-12,2.42215012402784e-12
1.70425949813389e-12,2.42769364414929e-12
1.70464135041511e-12,2.43323264148523e-12
1.7050214500158e-12,2.43876692488368e-12
1.70539978579784e-12,2.44429630157758e-12
1.70577634646526e-12,2.44982057718162e-12
1.70615112056336e-12,2.45533955568905e-12
1.70652409647797e-12,2.46085303946883e-12
1.70689526243461e-12,2.46636082926278e-12
1.70726460649774e-12,2.47186272418305e-12
1.70763211657002e-12,2.47735852170967e-12
1.70799778039149e-12,2.48284801768834e-12
1.7083615855389e-12,2.48833100632836e-12
1.70872351942493e-12,2.49380728020074e-12
1.70908356929747e-12,2.49927663023655e-12
1.70944172223898e-12,2.50473884572543e-12
1.70979796516568e-12,2.51019371431429e-12
1.71015228482699e-12,2.51564102200615e-12
1.71050466780477e-12,2.52108055315935e-12
1.71085510051271e-12,2.52651209048674e-12
1.71120356919568e-12,2.53193541505526e-12
1.71155005992909e-12,2.53735030628563e-12
1.71189455861827e-12,2.54275654195224e-12
1.71223705099791e-12,2.54815389818335e-12
1.71257752263144e-12,2.5535421494614e-12
1.71291595891043e-12,2.55892106862361e-12
1.7132523450541e-12,2.56429042686274e-12
1.71358666610873e-12,2.56964999372815e-12
1.71391890694715e-12,2.57499953712705e-12
1.71424905226822e-12,2.58033882332593e-12
1.71457708659633e-12,2.58566761695234e-12
1.71490299428097e-12,2.59098568099682e-12
1.71522675949616e-12,2.59629277681506e-12
1.71554836624014e-12,2.60158866413038e-12
1.71586779833481e-12,2.60687310103636e-12
1.71618503942542e-12,2.61214584399984e-12
1.7165000729801e-12,2.61740664786401e-12
1.71681288228955e-12,2.62265526585194e-12
1.71712345046659e-12,2.62789144957015e-12
1.7174317604459e-12,2.63311494901268e-12
1.71773779498368e-12,2.63832551256524e-12
1.71804153665729e-12,2.64352288700966e-12
1.71834296786502e-12,2.64870681752871e-12
1.71864207082582e-12,2.65387704771106e-12
1.71893882757899e-12,2.65903331955658e-12
1.71923321998404e-12,2.66417537348191e-12
1.7195252297204e-12,2.66930294832628e-12
1.71981483828727e-12,2.6744157813577e-12
1.72010202700345e-12,2.6795136082793e-12
1.72038677700718e-12,2.68459616323605e-12
1.72066906925601e-12,2.68966317882178e-12
1.72094888452668e-12,2.69471438608639e-12
1.72122620341509e-12,2.6997495145435e-12
1.72150100633613e-12,2.70476829217826e-12
1.72177327352374e-12,2.70977044545557e-12
1.72204298503083e-12,2.71475569932851e-12
1.72231012072928e-12,2.71972377724717e-12
1.72257466031e-12,2.72467440116769e-12
1.72283658328292e-12,2.7296072915617e-12
1.72309586897708e-12,2.73452216742597e-12
1.72335249654075e-12,2.73941874629254e-12
1.72360644494148e-12,2.74429674423897e-12
1.72385769296631e-12,2.74915587589904e-12
1.72410621922184e-12,2.75399585447372e-12
1.7243520021345e-12,2.75881639174253e-12
1.72459501995071e-12,2.76361719807513e-12
1.7248352507371e-12,2.76839798244332e-12
1.72507267238081e-12,2.77315845243331e-12
1.72530726258973e-12,2.77789831425839e-12
1.72553899889285e-12,2.78261727277191e-12
1.72576785864052e-12,2.7873150314805e-12
1.72599381900486e-12,2.79199129255786e-12
1.72621685698015e-12,2.79664575685864e-12
1.7264369493832e-12,2.80127812393286e-12
1.72665407285379e-12,2.80588809204051e-12
1.72686820385516e-12,2.81047535816669e-12
1.72707931867445e-12,2.8150396180369e-12
1.72728739342323e-12,2.81958056613282e-12
1.72749240403808e-12,2.82409789570843e-12
1.72769432628108e-12,2.82859129880641e-12
1.72789313574045e-12,2.833060466275e-12
1.72808880783119e-12,2.83750508778511e-12
1.72828131779566e-12,2.84192485184793e-12
1.72847064070431e-12,2.84631944583272e-12
1.72865675145637e-12,2.85068855598518e-12
1.72883962478058e-12,2.85503186744602e-12
1.72901923523596e-12,2.85934906426998e-12
1.72919555721256e-12,2.86363982944514e-12
1.72936856493233e-12,2.86790384491274e-12
1.72953823244993e-12,2.87214079158726e-12
1.72970453365361e-12,2.87635034937688e-12
1.72986744226614e-12,2.88053219720437e-12
1.73002693184569e-12,2.88468601302834e-12
1.73018297578685e-12,2.88881147386481e-12
1.73033554732159e-12,2.89290825580927e-12
1.7304846195203e-12,2.89697603405902e-12
1.73063016529282e-12,2.90101448293591e-12
1.73077215738954e-12,2.90502327590956e-12
1.73091056840251e-12,2.90900208562079e-12
1.73104537076658e-12,2.91295058390562e-12
1.73117653676058e-12,2.91686844181947e-12
1.73130403850853e-12,2.92075532966198e-12
1.73142784798084e-12,2.92461091700191e-12
1.73154793699564e-12,2.92843487270276e-12
1.73166427722003e-12,2.93222686494851e-12
1.7317768401714e-12,2.9359865612699e-12
1.73188559721886e-12,2.93971362857108e-12
1.73199051958456e-12,2.94340773315653e-12
1.73209157834512e-12,2.94706854075859e-12
1.73218874443315e-12,2.95069571656515e-12
1.73228198863867e-12,2.95428892524792e-12
1.73237128161067e-12,2.95784783099097e-12
1.73245659385864e-12,2.9613720975197e-12
1.73253789575418e-12,2.96486138813021e-12
1.7326151575326e-12,2.96831536571905e-12
1.73268834929455e-12,2.97173369281336e-12
1.73275744100775e-12,2.97511603160142e-12
1.73282240250868e-12,2.97846204396355e-12
1.73288320350432e-12,2.98177139150349e-12
1.73293981357396e-12,2.98504373558002e-12
1.73299220217097e-12,2.98827873733911e-12
1.7330403386247e-12,2.99147605774641e-12
1.7330841921423e-12,2.99463535762009e-12
1.73312373181072e-12,2.99775629766415e-12
