1.67493165496008e-12,1.79073841282513e-12
1.67476656732034e-12,1.78539015859656e-12
1.67451077110105e-12,1.77991937794962e-12
1.67416431895356e-12,1.77432805264198e-12
1.67372730046974e-12,1.76861821644048e-12
1.67319984207062e-12,1.76279195390514e-12
1.67258210686656e-12,1.7568513991338e-12
1.67187429448883e-12,1.75079873446887e-12
1.67107664089314e-12,1.74463618916706e-12
1.67018941813515e-12,1.73836603803359e-12
1.66921293411825e-12,1.73199060002197e-12
1.66814753231409e-12,1.72551223680078e-12
1.6669935914559e-12,1.71893335128868e-12
1.6657515252052e-12,1.71225638615916e-12
1.66442178179228e-12,1.70548382231628e-12
1.66300484363057e-12,1.69861817734299e-12
1.66150122690575e-12,1.69166200392334e-12
1.65991148113982e-12,1.68461788824033e-12
1.65823618873058e-12,1.67748844835055e-12
1.65647596446732e-12,1.67027633253748e-12
1.65463145502281e-12,1.66298421764491e-12
1.65270333842267e-12,1.65561480739194e-12
1.65069232349227e-12,1.64817083067138e-12
1.64859914928201e-12,1.64065503983301e-12
1.64642458447156e-12,1.63307020895338e-12
1.64416942675365e-12,1.62541913209384e-12
1.6418345021982e-12,1.61770462154837e-12
1.63942066459727e-12,1.60992950608299e-12
1.63692879479183e-12,1.60209662916827e-12
1.63435979998077e-12,1.5942088472068e-12
1.63171461301312e-12,1.58626902775713e-12
1.6289941916641e-12,1.57828004775601e-12
1.62619951789578e-12,1.57024479174039e-12
1.62333159710325e-12,1.56216615007124e-12
1.62039145734691e-12,1.55404701716034e-12
1.61738014857181e-12,1.54589028970222e-12
1.61429874181485e-12,1.53769886491254e-12
1.61114832840057e-12,1.52947563877469e-12
1.60793001912649e-12,1.52122350429631e-12
1.60464494343872e-12,1.51294534977715e-12
1.60129424859878e-12,1.50464405709011e-12
1.5978790988424e-12,1.49632249997681e-12
1.59440067453123e-12,1.48798354235941e-12
1.59086017129825e-12,1.47963003667019e-12
1.58725879918778e-12,1.4712648222003e-12
1.58359778179092e-12,1.46289072346928e-12
1.57987835537736e-12,1.45451054861683e-12
1.57610176802423e-12,1.44612708781809e-12
1.57226927874316e-12,1.43774311172404e-12
1.568382156606e-12,1.42936136992825e-12
1.56444167987045e-12,1.42098458946134e-12
1.56044913510615e-12,1.41261547331449e-12
1.55640581632225e-12,1.40425669899327e-12
1.55231302409713e-12,1.39591091710284e-12
1.5481720647113e-12,1.38758074996599e-12
1.54398424928409e-12,1.37926879027492e-12
1.53975089291503e-12,1.37097759977801e-12
1.53547331383077e-12,1.36270970800246e-12
1.53115283253819e-12,1.35446761101407e-12
1.52679077098455e-12,1.34625377021491e-12
1.52238845172548e-12,1.33807061117981e-12
1.51794719710138e-12,1.32992052253272e-12
1.51346832842323e-12,1.32180585486357e-12
1.50895316516822e-12,1.31372891968647e-12
1.50440302418611e-12,1.30569198843999e-12
1.49981921891692e-12,1.29769729153022e-12
1.49520305862061e-12,1.2897470174171e-12
1.49055584761936e-12,1.28184331174477e-12
1.4858788845532e-12,1.27398827651629e-12
1.48117346164937e-12,1.26618396931332e-12
1.47644086400622e-12,1.25843240256106e-12
1.47168236889207e-12,1.25073554283892e-12
1.46689924505958e-12,1.24309531023708e-12
1.46209275207622e-12,1.23551357775937e-12
1.45726413967127e-12,1.22799217077248e-12
1.4524146470998e-12,1.22053286650169e-12
1.44754550252415e-12,1.21313739357341e-12
1.44265792241325e-12,1.20580743160415e-12
1.4377531109603e-12,1.1985446108363e-12
1.43283225951899e-12,1.19135051182044e-12
1.42789654605883e-12,1.18422666514405e-12
1.42294713463975e-12,1.17717455120651e-12
1.41798517490633e-12,1.1701956000401e-12
1.41301180160194e-12,1.16329119117679e-12
1.40802813410303e-12,1.15646265356035e-12
1.4030352759738e-12,1.14971126550356e-12
1.39803431454139e-12,1.14303825468991e-12
1.39302632049182e-12,1.13644479821948e-12
1.3880123474869e-12,1.1299320226983e-12
1.38299343180197e-12,1.12350100437076e-12
1.3779705919849e-12,1.11715276929431e-12
1.37294482853615e-12,1.11088829355588e-12
1.36791712361003e-12,1.10470850352926e-12
1.36288844073728e-12,1.09861427617269e-12
1.35785972456873e-12,1.09260643936586e-12
1.35283190064023e-12,1.08668577228544e-12
1.34780587515867e-12,1.08085300581839e-12
1.34278253480903e-12,1.07510882301198e-12
1.33776274658239e-12,1.06945385955963e-12
1.33274735762474e-12,1.06388870432166e-12
1.32773719510642e-12,1.05841389987973e-12
1.32273306611204e-12,1.05302994312422e-12
1.31773575755072e-12,1.04773728587315e-12
1.31274603608635e-12,1.04253633552172e-12
1.30776464808765e-12,1.03742745572133e-12
1.30279231959786e-12,1.03241096708682e-12
1.29782975632362e-12,1.02748714793082e-12
1.29287764364291e-12,1.02265623502403e-12
1.28793664663153e-12,1.01791842438004e-12
1.283007410108e-12,1.01327387206368e-12
1.27809055869634e-12,1.00872269502146e-12
1.27318669690648e-12,1.00426497193289e-12
1.26829640923179e-12,9.99900744081328e-13
1.26342026026345e-12,9.95630016243203e-13
1.25855879482115e-12,9.91452757594123e-13
1.25371253809969e-12,9.87368902630655e-13
1.24888199583108e-12,9.83378352106413e-13
1.2440676544616e-12,9.79480973981172e-13
1.23926998134339e-12,9.75676604381601e-13
1.23448942494015e-12,9.71965048572353e-13
1.22972641504621e-12,9.68346081936146e-13
1.22498136301881e-12,9.64819450961525e-13
1.22025466202275e-12,9.61384874236953e-13
1.2155466872871e-12,9.58042043449976e-13
1.21085779637331e-12,9.54790624390092e-13
1.20618832945419e-12,9.51630257954048e-13
1.20153860960337e-12,9.48560561152326e-13
1.19690894309443e-12,9.45581128115461e-13
1.19229961970933e-12,9.42691531099012e-13
1.18771091305552e-12,9.39891321485915e-13
1.18314308089117e-12,9.37180030784986e-13
1.17859636545794e-12,9.34557171624405e-13
1.17407099382076e-12,9.32022238738973e-13
1.16956717821404e-12,9.29574709949997e-13
1.16508511639365e-12,9.27214047136688e-13
1.16062499199432e-12,9.24939697197919e-13
1.15618697489164e-12,9.22751093003325e-13
1.15177122156832e-12,9.20647654332624e-13
1.14737787548398e-12,9.18628788802228e-13
1.14300706744805e-12,9.16693892778042e-13
1.13865891599513e-12,9.14842352273584e-13
1.13433352776237e-12,9.1307354383248e-13
1.1300309978682e-12,9.11386835394369e-13
1.12575141029201e-12,9.09781587143496e-13
1.12149483825421e-12,9.08257152339012e-13
1.11726134459612e-12,9.06812878126375e-13
1.11305098215922e-12,9.05448106328884e-13
1.10886379416331e-12,9.04162174218898e-13
1.10469981458299e-12,9.02954415267818e-13
1.10055906852208e-12,9.01824159874381e-13
1.09644157258549e-12,9.00770736070582e-13
1.09234733524804e-12,8.99793470204717e-13
1.08827635721993e-12,8.98891687601013e-13
1.08422863180818e-12,8.98064713195372e-13
1.08020414527398e-12,8.97311872146853e-13
1.0762028771852e-12,8.96632490424434e-13
1.07222480076394e-12,8.96025895368775e-13
1.06826988322858e-12,8.95491416228624e-13
1.06433808613012e-12,8.95028384671696e-13
1.06042936568226e-12,8.94636135269681e-13
1.05654367308521e-12,8.94314005957336e-13
1.05268095484257e-12,8.94061338465441e-13
1.04884115307125e-12,8.93877478727566e-13
1.04502420580406e-12,8.9376177726059e-13
1.04123004728471e-12,8.93713589519004e-13
1.0374586082549e-12,8.93732276222921e-13
1.0337098162335e-12,8.93817203660011e-13
1.02998359578734e-12,8.93967743961359e-13
1.02627986879364e-12,8.94183275351484e-13
1.02259855469369e-12,8.94463182372603e-13
1.01893957073789e-12,8.94806856083506e-13
1.01530283222172e-12,8.95213694233186e-13
1.01168825271277e-12,8.9568310140959e-13
1.00809574426852e-12,8.96214489163824e-13
1.00452521764494e-12,8.96807276110148e-13
1.00097658249573e-12,8.97460888002222e-13
9.97449747562193e-13,8.98174757785993e-13
9.93944620853683e-13,8.98948325629702e-13
9.90461109818632e-13,8.99781038931555e-13
9.86999121506118e-13,9.0067235230552e-13
9.83558562717994e-13,9.01621727545854e-13
9.80139340151629e-13,9.02628633570957e-13
9.76741360533211e-13,9.03692546347068e-13
9.73364530741864e-13,9.04812948792626e-13
9.70008757924379e-13,9.0598933066374e-13
9.6667394960088e-13,9.07221188421596e-13
9.63360013761398e-13,9.0850802508244e-13
9.60066858953529e-13,9.09849350050907e-13
9.56794394361238e-13,9.1124467893737e-13
9.53542529875023e-13,9.12693533360107e-13
9.50311176153519e-13,9.14195440733055e-13
9.47100244676807e-13,9.15749934039932e-13
9.4390964779148e-13,9.17356551595528e-13
9.40739298747758e-13,9.1901483679493e-13
9.37589111728788e-13,9.2072433785157e-13
9.34459001872406e-13,9.22484607524889e-13
9.31348885285468e-13,9.24295202838402e-13
9.28258679051126e-13,9.26155684789096e-13
9.25188301229164e-13,9.28065618048912e-13
9.22137670849681e-13,9.30024570659185e-13
9.19106707900427e-13,9.32032113718939e-13
9.16095333307943e-13,9.34087821067724e-13
9.131034689129e-13,9.3619126896407e-13
9.10131037439787e-13,9.38342035760139e-13
9.07177962461346e-13,9.40539701573606e-13
9.04244168357921e-13,9.42783847957469e-13
9.01329580272113e-13,9.45074057568679e-13
8.98434124058964e-13,9.47409913836334e-13
8.95557726231989e-13,9.4979100063028e-13
8.9270031390537e-13,9.52216901930902e-13
8.89861814732586e-13,9.54687201500826e-13
8.8704215684177e-13,9.57201482559364e-13
8.84241268768163e-13,9.59759327460381e-13
8.81459079383866e-13,9.62360317374312e-13
8.78695517825279e-13,9.65004031975103e-13
8.75950513418501e-13,9.676900491327e-13
8.73223995602953e-13,9.70417944611725e-13
8.70515893853589e-13,9.73187291777117e-13
8.67826137601918e-13,9.75997661307191e-13
8.6515465615623e-13,9.78848620914876e-13
8.62501378621181e-13,9.81739735077618e-13
8.59866233817131e-13,9.84670564776474e-13
8.57249150199505e-13,9.87640667245083e-13
8.54650055778363e-13,9.90649595728833e-13
8.52068878038579e-13,9.936968992548e-13
8.49505543860785e-13,9.96782122412913e-13
8.46959979443398e-13,9.99904805148715e-13
8.4443211022597e-13,1.00306448256818e-12
8.4192186081409e-13,1.00626068475487e-12
8.3942915490609e-13,1.00949293659989e-12
8.3695391522178e-13,1.01276075764478e-12
8.34496063433434e-13,1.01606366193778e-12
8.32055520099239e-13,1.01940115790362e-12
8.29632204599403e-13,1.02277274822713e-12
8.27226035075124e-13,1.02617792975071e-12
8.24836928370613e-13,1.02961619338606e-12
8.22464799978317e-13,1.03308702403998e-12
8.20109563987537e-13,1.03658990055466e-12
8.17771133036594e-13,1.0401242956623e-12
8.15449418268666e-13,1.04368967595417e-12
8.13144329291434e-13,1.04728550186414e-12
8.10855774140678e-13,1.05091122766659e-12
8.08583659247945e-13,1.05456630148875e-12
8.06327889412323e-13,1.05825016533727e-12
8.04088367776505e-13,1.061962255139e-12
8.01864995807148e-13,1.06570200079578e-12
7.99657673279641e-13,1.06946882625313e-12
7.97466298267304e-13,1.0732621495826e-12
7.95290767135085e-13,1.07708138307755e-12
7.93130974537795e-13,1.08092593336223e-12
7.90986813422876e-13,1.08479520151368e-12
7.88858175037752e-13,1.08868858319637e-12
7.86744948941719e-13,1.09260546880914e-12
7.84647023022413e-13,1.09654524364412e-12
7.82564283516782e-13,1.10050728805725e-12
7.80496615036596e-13,1.10449097765012e-12
7.78443900598382e-13,1.10849568346254e-12
7.76406021657771e-13,1.11252077217558e-12
7.7438285814823e-13,1.11656560632461e-12
7.72374288523997e-13,1.12062954452177e-12
7.70380189807253e-13,1.12471194168753e-12
7.6840043763939e-13,1.12881214929077e-12
7.66434906336243e-13,1.13292951559695e-12
7.64483468947247e-13,1.1370633859237e-12
7.62545997318348e-13,1.14121310290355e-12
7.60622362158527e-13,1.14537800675296e-12
7.58712433109893e-13,1.1495574355474e-12
7.5681607882106e-13,1.15375072550163e-12
7.54933167023809e-13,1.1579572112549e-12
7.53063564612769e-13,1.16217622616029e-12
7.51207137727991e-13,1.16640710257767e-12
7.49363751840269e-13,1.17064917216982e-12
7.47533271838971e-13,1.17490176620082e-12
7.45715562122275e-13,1.17916421583661e-12
7.43910486689562e-13,1.18343585244658e-12
7.42117909235819e-13,1.18771600790612e-12
7.40337693247806e-13,1.19200401489912e-12
7.38569702101838e-13,1.19629920722016e-12
7.36813799162986e-13,1.20060092007568e-12
7.35069847885422e-13,1.20490849038351e-12
7.33337711913778e-13,1.20922125707037e-12
7.31617255185279e-13,1.21353856136656e-12
7.29908342032412e-13,1.21785974709754e-12
7.28210837285981e-13,1.22218416097166e-12
7.26524606378287e-13,1.22651115286362e-12
7.24849515446235e-13,1.23084007609318e-12
7.23185431434144e-13,1.23517028769849e-12
7.21532222196092e-13,1.2395011487037e-12
7.19889756597527e-13,1.24383202438027e-12
7.18257904615966e-13,1.24816228450158e-12
7.16636537440577e-13,1.25249130359042e-12
7.15025527570446e-13,1.25681846115885e-12
7.13424748911292e-13,1.26114314194011e-12
7.11834076870474e-13,1.2654647361122e-12
7.10253388450075e-13,1.26978263951262e-12
7.08682562337875e-13,1.27409625384418e-12
7.07121478996012e-13,1.27840498687126e-12
7.05570020747205e-13,1.28270825260642e-12
7.04028071858283e-13,1.28700547148707e-12
7.02495518620924e-13,1.29129607054173e-12
