9.43269932312011e-13,1.25695533197194e-12
9.44441025108513e-13,1.26284888237716e-12
9.45613083991287e-13,1.26876488919055e-12
9.46786113601138e-13,1.27470340499989e-12
9.47960118589255e-13,1.28066448235234e-12
9.49135103617176e-13,1.28664817375384e-12
9.5031107335678e-13,1.29265453166853e-12
9.51488032490288e-13,1.2986836085182e-12
9.52665985710247e-13,1.30473545668168e-12
9.53844937719515e-13,1.31081012849431e-12
9.55024893231266e-13,1.31690767624732e-12
9.56205856968967e-13,1.32302815218731e-12
9.57387833666377e-13,1.32917160851563e-12
9.58570828067535e-13,1.33533809738787e-12
9.59754844926762e-13,1.34152767091326e-12
9.60939889008637e-13,1.34774038115413e-12
9.62125965088001e-13,1.35397628012535e-12
9.6331307794995e-13,1.36023541979375e-12
9.64501232389824e-13,1.36651785207761e-12
9.65690433213202e-13,1.37282362884604e-12
9.66880685235903e-13,1.37915280191854e-12
9.68071993283964e-13,1.38550542306431e-12
9.69264362193653e-13,1.39188154400182e-12
9.70457796811458e-13,1.39828121639821e-12
9.71652301994072e-13,1.40470449186875e-12
9.72847882608411e-13,1.41115142197632e-12
9.7404454353159e-13,1.41762205823083e-12
9.75242289650929e-13,1.42411645208875e-12
9.76441125863953e-13,1.43063465495249e-12
9.77641057078384e-13,1.43717671816992e-12
9.7884208821214e-13,1.44374269303384e-12
9.80044224193344e-13,1.45033263078141e-12
9.81247469960308e-13,1.45694658259365e-12
9.82451830461537e-13,1.46358459959488e-12
9.83657310655738e-13,1.47024673285225e-12
9.84863915511822e-13,1.47693303337516e-12
9.86071650008883e-13,1.48364355211472e-12
9.87280519136231e-13,1.49037833996332e-12
9.88490527893368e-13,1.497137447754e-12
9.89701681290009e-13,1.50392092625999e-12
9.90913984346081e-13,1.51072882619416e-12
9.92127442091719e-13,1.51756119820853e-12
9.93342059567285e-13,1.52441809289373e-12
9.94557841823362e-13,1.53129956077849e-12
9.95774793920766e-13,1.53820565232912e-12
9.96992920930551e-13,1.54513641794898e-12
9.98212227934022e-13,1.55209190797803e-12
9.9943272002273e-13,1.55907217269221e-12
1.0006544022985e-12,1.56607726230303e-12
1.00187727987342e-12,1.57310722695698e-12
1.00310135786988e-12,1.58016211673507e-12
1.00432664142053e-12,1.58724198165229e-12
1.00555313566837e-12,1.59434687165711e-12
1.00678084576669e-12,1.60147683663096e-12
1.00800977687912e-12,1.60863192638774e-12
1.00923993417965e-12,1.61581219067329e-12
1.01047132285261e-12,1.62301767916489e-12
1.01170394809274e-12,1.63024844147074e-12
1.01293781510515e-12,1.63750452712948e-12
1.01417292910537e-12,1.64478598560962e-12
1.01540929531937e-12,1.65209286630911e-12
1.01664691898356e-12,1.65942521855479e-12
1.01788580534483e-12,1.66678309160186e-12
1.01912595966057e-12,1.67416653463339e-12
1.02036738719868e-12,1.68157559675986e-12
1.02161009323758e-12,1.68901032701853e-12
1.02285408306628e-12,1.69647077437307e-12
1.02409936198438e-12,1.70395698771296e-12
1.02534593530207e-12,1.71146901585297e-12
1.02659380834021e-12,1.71900690753274e-12
1.02784298643031e-12,1.72657071141617e-12
1.02909347491459e-12,1.73416047609094e-12
1.030345279146e-12,1.74177625006802e-12
1.03159840448824e-12,1.74941808178111e-12
1.03285285631584e-12,1.75708601958621e-12
1.03410864001411e-12,1.76478011176097e-12
1.03536576097927e-12,1.7725004065043e-12
1.03662422461841e-12,1.78024695193579e-12
1.03788403634956e-12,1.78801979609517e-12
1.03914520160174e-12,1.79581898694187e-12
1.04040772581497e-12,1.80364457235441e-12
1.04167161444034e-12,1.81149660012993e-12
1.04293687294004e-12,1.81937511798365e-12
1.04420350678738e-12,1.82728017354832e-12
1.04547152146689e-12,1.83521181437377e-12
1.0467409224743e-12,1.84317008792627e-12
1.04801171531664e-12,1.8511550415881e-12
1.04928390551227e-12,1.85916672265694e-12
1.05055749859093e-12,1.8672051783454e-12
1.05183250009378e-12,1.87527045578042e-12
1.05310891557347e-12,1.88336260200281e-12
1.05438675059419e-12,1.89148166396662e-12
1.05566601073172e-12,1.89962768853867e-12
1.0569467015735e-12,1.90780072249797e-12
1.05822882871867e-12,1.91600081253519e-12
1.05951239777815e-12,1.92422800525211e-12
1.06079741437467e-12,1.93248234716102e-12
1.06208388414289e-12,1.94076388468427e-12
1.06337181272938e-12,1.9490726641536e-12
1.06466120579278e-12,1.95740873180969e-12
1.06595206900382e-12,1.96577213380149e-12
1.06724440804535e-12,1.97416291618575e-12
1.0685382286125e-12,1.98258112492637e-12
1.06983353641268e-12,1.99102680589394e-12
1.0711303371657e-12,1.99950000486506e-12
1.0724286366038e-12,2.00800076752181e-12
1.07372844047177e-12,2.01652913945118e-12
1.07502975452701e-12,2.02508516614448e-12
1.07633258453962e-12,2.03366889299676e-12
1.07763693629246e-12,2.04228036530622e-12
1.07894281558126e-12,2.05091962827362e-12
1.0802502282147e-12,2.05958672700168e-12
1.08155918001448e-12,2.06828170649451e-12
1.08286967681543e-12,2.07700461165696e-12
1.08418172446561e-12,2.08575548729408e-12
1.08549532882637e-12,2.09453437811047e-12
1.08681049577246e-12,2.10334132870969e-12
1.08812723119215e-12,2.11217638359362e-12
1.0894455409873e-12,2.12103958716188e-12
1.09076543107347e-12,2.12993098371118e-12
1.09208690738e-12,2.13885061743472e-12
1.09340997585018e-12,2.14779853242153e-12
1.09473464244127e-12,2.15677477265588e-12
1.09606091312468e-12,2.16577938201661e-12
1.09738879388604e-12,2.17481240427649e-12
1.09871829072533e-12,2.18387388310162e-12
1.10004940965697e-12,2.19296386205072e-12
1.10138215670998e-12,2.20208238457455e-12
1.10271653792804e-12,2.21122949401518e-12
1.10405255936968e-12,2.22040523360538e-12
1.10539022710834e-12,2.22960964646795e-12
1.10672954723251e-12,2.23884277561506e-12
1.10807052584589e-12,2.24810466394754e-12
1.10941316906748e-12,2.25739535425425e-12
1.11075748303171e-12,2.26671488921137e-12
1.11210347388862e-12,2.27606331138176e-12
1.11345114780393e-12,2.2854406632142e-12
1.11480051095922e-12,2.29484698704278e-12
1.11615156955206e-12,2.30428232508613e-12
1.11750432979614e-12,2.3137467194468e-12
1.11885879792142e-12,2.32324021211044e-12
1.12021498017427e-12,2.33276284494524e-12
1.12157288281765e-12,2.3423146597011e-12
1.1229325121312e-12,2.35189569800894e-12
1.12429387441145e-12,2.36150600138004e-12
1.12565697597193e-12,2.3711456112052e-12
1.12702182314335e-12,2.38081456875415e-12
1.12838842227378e-12,2.39051291517471e-12
1.12975677972873e-12,2.40024069149204e-12
1.13112690189141e-12,2.40999793860804e-12
1.13249879516285e-12,2.41978469730042e-12
1.13387246596204e-12,2.42960100822209e-12
1.13524792072617e-12,2.43944691190034e-12
1.13662516591072e-12,2.44932244873609e-12
1.1380042079897e-12,2.45922765900312e-12
1.13938505345581e-12,2.46916258284736e-12
1.14076770882057e-12,2.47912726028602e-12
1.14215218061459e-12,2.48912173120691e-12
1.14353847538767e-12,2.4991460353676e-12
1.14492659970904e-12,2.50920021239469e-12
1.1463165601675e-12,2.51928430178294e-12
1.14770836337167e-12,2.5293983428946e-12
1.14910201595013e-12,2.53954237495849e-12
1.15049752455164e-12,2.54971643706931e-12
1.15189489584533e-12,2.55992056818677e-12
1.1532941365209e-12,2.57015480713481e-12
1.15469525328883e-12,2.58041919260078e-12
1.15609825288055e-12,2.59071376313466e-12
1.15750314204871e-12,2.60103855714822e-12
1.15890992756732e-12,2.61139361291419e-12
1.160318616232e-12,2.62177896856546e-12
1.16172921486018e-12,2.63219466209426e-12
1.16314173029132e-12,2.64264073135132e-12
1.16455616938714e-12,2.65311721404504e-12
1.1659725390318e-12,2.66362414774067e-12
1.16739084613217e-12,2.67416156985945e-12
1.16881109761801e-12,2.6847295176778e-12
1.17023330044224e-12,2.69532802832644e-12
1.17165746158113e-12,2.70595713878963e-12
1.17308358803456e-12,2.7166168859042e-12
1.17451168682624e-12,2.72730730635884e-12
1.17594176500393e-12,2.73802843669311e-12
1.1773738296397e-12,2.74878031329671e-12
1.17880788783019e-12,2.75956297240857e-12
1.1802439466968e-12,2.77037645011597e-12
1.18168201338595e-12,2.78122078235378e-12
1.18312209506935e-12,2.79209600490347e-12
1.18456419894426e-12,2.80300215339238e-12
1.18600833223366e-12,2.81393926329275e-12
1.18745450218661e-12,2.82490736992097e-12
1.18890271607841e-12,2.8359065084366e-12
1.19035298121094e-12,2.84693671384162e-12
1.19180530491285e-12,2.8579980209795e-12
1.19325969453985e-12,2.86909046453435e-12
1.19471615747499e-12,2.88021407903008e-12
1.19617470112889e-12,2.89136889882952e-12
1.19763533294005e-12,2.90255495813357e-12
1.19909806037507e-12,2.91377229098033e-12
1.20056289092894e-12,2.92502093124424e-12
1.20202983212535e-12,2.93630091263525e-12
1.2034988915169e-12,2.94761226869793e-12
1.20497007668544e-12,2.95895503281062e-12
1.20644339524229e-12,2.97032923818462e-12
1.20791885482857e-12,2.98173491786324e-12
1.20939646311545e-12,2.99317210472109e-12
1.21087622780445e-12,3.00464083146313e-12
1.21235815662773e-12,3.01614113062386e-12
1.21384225734836e-12,3.02767303456647e-12
1.21532853776062e-12,3.03923657548202e-12
1.21681700569028e-12,3.05083178538861e-12
1.21830766899494e-12,3.06245869613054e-12
1.21980053556424e-12,3.07411733937749e-12
1.22129561332023e-12,3.08580774662368e-12
1.22279291021764e-12,3.0975299491871e-12
1.22429243424417e-12,3.10928397820865e-12
1.2257941934208e-12,3.12106986465139e-12
1.22729819580211e-12,3.13288763929968e-12
1.22880444947654e-12,3.14473733275842e-12
1.23031296256675e-12,3.15661897545234e-12
1.23182374322986e-12,3.16853259762501e-12
1.23333679965783e-12,3.18047822933835e-12
1.2348521400777e-12,3.19245590047161e-12
1.23636977275195e-12,3.20446564072077e-12
1.2378897059788e-12,3.21650747959775e-12
1.23941194809249e-12,3.22858144642966e-12
1.24093650746363e-12,3.24068757035806e-12
1.24246339249953e-12,3.25282588033832e-12
1.24399261164444e-12,3.26499640513873e-12
1.24552417337994e-12,3.27719917334003e-12
1.24705808622523e-12,3.28943421333454e-12
1.24859435873744e-12,3.30170155332558e-12
1.25013299951196e-12,3.31400122132674e-12
1.25167401718276e-12,3.32633324516127e-12
1.2532174204227e-12,3.33869765246141e-12
1.25476321794387e-12,3.35109447066779e-12
1.25631141849788e-12,3.36352372702876e-12
1.2578620308762e-12,3.37598544859985e-12
1.25941506391049e-12,3.38847966224312e-12
1.26097052647292e-12,3.40100639462665e-12
1.26252842747648e-12,3.41356567222391e-12
1.2640887758753e-12,3.42615752131329e-12
1.265651580665e-12,3.4387819679775e-12
1.26721685088299e-12,3.45143903810312e-12
1.26878459560879e-12,3.46412875738006e-12
1.27035482396438e-12,3.47685115130112e-12
1.2719275451145e-12,3.48960624516151e-12
1.27350276826698e-12,3.50239406405843e-12
1.27508050267306e-12,3.5152146328906e-12
1.27666075762773e-12,3.52806797635797e-12
1.27824354247002e-12,3.54095411896118e-12
1.27982886658336e-12,3.55387308500137e-12
1.28141673939586e-12,3.56682489857972e-12
1.28300717038068e-12,3.57980958359719e-12
1.28460016905631e-12,3.59282716375425e-12
1.28619574498691e-12,3.6058776625505e-12
1.28779390778261e-12,3.61896110328462e-12
1.28939466709985e-12,3.63207750905392e-12
1.2909980326417e-12,3.64522690275434e-12
1.29260401415815e-12,3.6584093070802e-12
1.29421262144643e-12,3.67162474452401e-12
1.29582386435137e-12,3.68487323737645e-12
1.29743775276562e-12,3.69815480772621e-12
1.29905429663008e-12,3.71146947746001e-12
1.30067350593409e-12,3.72481726826246e-12
1.30229539071583e-12,3.73819820161616e-12
1.30391996106258e-12,3.75161229880168e-12
1.30554722711103e-12,3.76505958089764e-12
1.3071771990476e-12,3.7785400687808e-12
1.30880988710871e-12,3.79205378312616e-12
1.31044530158113e-12,3.80560074440718e-12
1.31208345280221e-12,3.81918097289592e-12
1.31372435116024e-12,3.83279448866331e-12
1.31536800709468e-12,3.84644131157934e-12
1.3170144310965e-12,3.86012146131347e-12
1.31866363370846e-12,3.87383495733489e-12
1.32031562552536e-12,3.88758181891291e-12
1.32197041719436e-12,3.9013620651174e-12
1.32362801941525e-12,3.91517571481923e-12
1.32528844294069e-12,3.9290227866907e-12
1.32695169857655e-12,3.94290329920624e-12
1.32861779718211e-12,3.95681727064279e-12
1.3302867496704e-12,3.97076471908053e-12
1.33195856700839e-12,3.98474566240359e-12
1.33363326021729e-12,3.99876011830062e-12
1.33531084037281e-12,4.01280810426564e-12
1.33699131860539e-12,4.02688963759881e-12
1.33867470610047e-12,4.0410047354073e-12
1.34036101409871e-12,4.05515341460615e-12
1.34205025389626e-12,4.0693356919192e-12
1.34374243684497e-12,4.08355158388015e-12
1.34543757435265e-12,4.09780110683353e-12
1.34713567788324e-12,4.11208427693582e-12
1.34883675895713e-12,4.12640111015664e-12
1.35054082915127e-12,4.14075162227981e-12
1.35224790009946e-12,4.15513582890481e-12
1.35395798349254e-12,4.16955374544791e-12
1.35567109107856e-12,4.18400538714356e-12
1.35738723466303e-12,4.19849076904595e-12
1.35910642610907e-12,4.21300990603028e-12
1.36082867733761e-12,4.22756281279448e-12
