2.87357031442716e-12,4.15863231847002e-12
2.87407312984755e-12,4.15495183885477e-12
2.87451410980979e-12,4.1511785983015e-12
2.8748933941738e-12,4.14731445425887e-12
2.8752111358338e-12,4.14336128412457e-12
2.87546750061533e-12,4.13932098454575e-12
2.87566266716729e-12,4.13519547071217e-12
2.87579682684905e-12,4.13098667564232e-12
2.87587018361271e-12,4.1266965494629e-12
2.87588295388061e-12,4.12232705868211e-12
2.87583536641808e-12,4.11788018545715e-12
2.87572766220165e-12,4.11335792685615e-12
2.87556009428267e-12,4.10876229411519e-12
2.8753329276465e-12,4.10409531189053e-12
2.87504643906735e-12,4.09935901750668e-12
2.87470091695883e-12,4.09455546020058e-12
2.87429666122033e-12,4.08968670036225e-12
2.87383398307936e-12,4.08475480877257e-12
2.87331320492975e-12,4.07976186583826e-12
2.8727346601662e-12,4.07470996082467e-12
2.8720986930148e-12,4.06960119108679e-12
2.87140565836e-12,4.06443766129882e-12
2.87065592156794e-12,4.05922148268271e-12
2.8698498583063e-12,4.05395477223616e-12
2.86898785436078e-12,4.04863965196045e-12
2.86807030544833e-12,4.04327824808845e-12
2.86709761702712e-12,4.03787269031326e-12
2.86607020410358e-12,4.03242511101804e-12
2.86498849103641e-12,4.02693764450712e-12
2.86385291133782e-12,4.02141242623912e-12
2.86266390747196e-12,4.01585159206228e-12
2.8614219306509e-12,4.01025727745251e-12
2.86012744062792e-12,4.00463161675445e-12
2.85878090548861e-12,3.99897674242614e-12
2.85738280143963e-12,3.99329478428741e-12
2.85593361259533e-12,3.98758786877274e-12
2.85443383076234e-12,3.9818581181886e-12
2.85288395522234e-12,3.97610764997594e-12
2.85128449251295e-12,3.97033857597814e-12
2.84963595620701e-12,3.96455300171474e-12
2.84793886669032e-12,3.95875302566136e-12
2.84619375093794e-12,3.95294073853622e-12
2.84440114228919e-12,3.9471182225936e-12
2.8425615802215e-12,3.94128755092456e-12
2.84067561012321e-12,3.93545078676539e-12
2.83874378306531e-12,3.929609982814e-12
2.8367666555726e-12,3.92376718055474e-12
2.83474478939389e-12,3.91792440959181e-12
2.83267875127182e-12,3.91208368699187e-12
2.83056911271216e-12,3.90624701663588e-12
2.8284164497527e-12,3.90041638858068e-12
2.82622134273213e-12,3.89459377843061e-12
2.82398437605853e-12,3.88878114671935e-12
2.82170613797819e-12,3.88298043830252e-12
2.81938722034433e-12,3.87719358176103e-12
2.8170282183862e-12,3.87142248881583e-12
2.81462973047854e-12,3.86566905375389e-12
2.81219235791148e-12,3.85993515286628e-12
2.80971670466112e-12,3.85422264389787e-12
2.80720337716074e-12,3.84853336550965e-12
2.8046529840729e-12,3.84286913675342e-12
2.80206613606246e-12,3.83723175655926e-12
2.79944344557067e-12,3.83162300323602e-12
2.79678552659038e-12,3.82604463398502e-12
2.79409299444256e-12,3.82049838442725e-12
2.79136646555416e-12,3.81498596814411e-12
2.78860655723748e-12,3.80950907623211e-12
2.78581388747109e-12,3.80406937687148e-12
2.78298907468248e-12,3.7986685149091e-12
2.78013273753242e-12,3.7933081114557e-12
2.7772454947013e-12,3.7879897634977e-12
2.77432796467737e-12,3.78271504352364e-12
2.77138076554709e-12,3.77748549916551e-12
2.76840451478768e-12,3.77230265285496e-12
2.76539982906184e-12,3.76716800149467e-12
2.76236732401492e-12,3.76208301614483e-12
2.75930761407449e-12,3.75704914172493e-12
2.75622131225243e-12,3.75206779673092e-12
2.75310902994963e-12,3.74714037296789e-12
2.74997137676338e-12,3.74226823529814e-12
2.74680896029755e-12,3.73745272140492e-12
2.7436223859756e-12,3.73269514157186e-12
2.74041225685655e-12,3.72799677847792e-12
2.73717917345387e-12,3.72335888700818e-12
2.73392373355752e-12,3.71878269408026e-12
2.73064653205909e-12,3.71426939848652e-12
2.72734816078015e-12,3.70982017075201e-12
2.72402920830389e-12,3.70543615300801e-12
2.72069025981004e-12,3.70111845888143e-12
2.71733189691323e-12,3.69686817339973e-12
2.71395469750479e-12,3.69268635291159e-12
2.71055923559801e-12,3.68857402502298e-12
2.70714608117702e-12,3.6845321885489e-12
2.70371580004921e-12,3.68056181348044e-12
2.70026895370135e-12,3.67666384096725e-12
2.69680609915942e-12,3.67283918331524e-12
2.69332778885206e-12,3.6690887239994e-12
2.68983457047796e-12,3.66541331769174e-12
2.68632698687698e-12,3.6618137903041e-12
2.6828055759051e-12,3.65829093904576e-12
2.67927087031329e-12,3.65484553249571e-12
2.67572339763033e-12,3.65147831068943e-12
2.67216368004946e-12,3.64818998521995e-12
2.6685922343191e-12,3.64498123935322e-12
2.66500957163749e-12,3.64185272815733e-12
2.66141619755136e-12,3.63880507864565e-12
2.65781261185863e-12,3.63583888993357e-12
2.65419930851511e-12,3.63295473340863e-12
2.65057677554532e-12,3.6301531529139e-12
2.64694549495722e-12,3.62743466494432e-12
2.64330594266119e-12,3.62479975885587e-12
2.63965858839295e-12,3.6222488970872e-12
2.63600389564059e-12,3.61978251539359e-12
2.63234232157561e-12,3.61740102309295e-12
2.62867431698817e-12,3.61510480332364e-12
2.62500032622619e-12,3.61289421331376e-12
2.62132078713872e-12,3.61076958466176e-12
2.61763613102313e-12,3.60873122362795e-12
2.61394678257651e-12,3.60677941143681e-12
2.61025315985098e-12,3.60491440458968e-12
2.60655567421299e-12,3.60313643518747e-12
2.60285473030666e-12,3.60144571126338e-12
2.59915072602096e-12,3.59984241712491e-12
2.59544405246097e-12,3.59832671370532e-12
2.59173509392285e-12,3.59689873892371e-12
2.58802422787282e-12,3.5955586080539e-12
2.58431182492992e-12,3.5943064141014e-12
2.58059824885259e-12,3.5931422281884e-12
2.57688385652898e-12,3.59206609994625e-12
2.57316899797102e-12,3.59107805791524e-12
2.56945401631221e-12,3.59017810995127e-12
2.56573924780898e-12,3.58936624363911e-12
2.5620250218457e-12,3.58864242671184e-12
2.55831166094324e-12,3.5880066074761e-12
2.55459948077108e-12,3.58745871524305e-12
2.55088879016277e-12,3.5869986607643e-12
2.54717989113494e-12,3.58662633667268e-12
2.54347307890955e-12,3.58634161792757e-12
2.53976864193954e-12,3.58614436226426e-12
2.53606686193758e-12,3.58603441064692e-12
2.53236801390824e-12,3.58601158772524e-12
2.528672366183e-12,3.58607570229371e-12
2.52498018045861e-12,3.58622654775394e-12
2.52129171183825e-12,3.58646390257895e-12
2.51760720887572e-12,3.58678753077958e-12
2.51392691362248e-12,3.58719718237239e-12
2.51025106167756e-12,3.58769259384885e-12
2.50657988224011e-12,3.58827348864534e-12
2.50291359816471e-12,3.58893957761359e-12
2.49925242601924e-12,3.58969055949137e-12
2.49559657614528e-12,3.59052612137294e-12
2.49194625272104e-12,3.59144593917893e-12
2.48830165382658e-12,3.59244967812533e-12
2.48466297151141e-12,3.59353699319117e-12
2.48103039186429e-12,3.5947075295847e-12
2.47740409508525e-12,3.59596092320762e-12
2.47378425555963e-12,3.59729680111698e-12
2.47017104193418e-12,3.59871478198447e-12
2.46656461719511e-12,3.60021447655299e-12
2.46296513874789e-12,3.60179548808963e-12
2.45937275849899e-12,3.6034574128354e-12
2.45578762293917e-12,3.60519984045088e-12
2.45220987322851e-12,3.60702235445774e-12
2.44863964528287e-12,3.60892453267583e-12
2.44507706986189e-12,3.61090594765527e-12
2.44152227265834e-12,3.61296616710373e-12
2.43797537438877e-12,3.6151047543081e-12
2.43443649088542e-12,3.61732126855068e-12
2.43090573318915e-12,3.61961526551925e-12
2.42738320764361e-12,3.62198629771112e-12
2.42386901599023e-12,3.62443391483067e-12
2.42036325546418e-12,3.62695766418004e-12
2.41686601889114e-12,3.62955709104307e-12
2.41337739478481e-12,3.63223173906183e-12
2.40989746744509e-12,3.63498115060593e-12
2.4064263170568e-12,3.63780486713396e-12
2.40296401978895e-12,3.64070242954714e-12
2.3995106478944e-12,3.64367337853493e-12
2.3960662698099e-12,3.64671725491225e-12
2.39263095025636e-12,3.64983359994826e-12
2.38920475033932e-12,3.65302195568651e-12
2.38578772764957e-12,3.65628186525612e-12
2.38237993636379e-12,3.6596128731741e-12
2.37898142734515e-12,3.66301452563839e-12
2.37559224824379e-12,3.66648637081158e-12
2.3722124435972e-12,3.67002795909524e-12
2.3688420549302e-12,3.67363884339449e-12
2.36548112085479e-12,3.67731857937305e-12
2.36212967716944e-12,3.6810667256983e-12
2.35878775695802e-12,3.68488284427647e-12
2.35545539068817e-12,3.68876650047771e-12
2.35213260630905e-12,3.69271726335116e-12
2.34881942934851e-12,3.69673470582966e-12
2.34551588300944e-12,3.70081840492436e-12
2.34222198826539e-12,3.70496794190885e-12
2.33893776395538e-12,3.709182902493e-12
2.33566322687766e-12,3.71346287698631e-12
2.33239839188267e-12,3.71780746045093e-12
2.32914327196489e-12,3.72221625284411e-12
2.32589787835361e-12,3.72668885915015e-12
2.32266222060256e-12,3.731224889502e-12
2.31943630667841e-12,3.73582395929228e-12
2.31622014304792e-12,3.74048568927386e-12
2.31301373476396e-12,3.74520970565003e-12
2.30981708555001e-12,3.74999564015436e-12
2.30663019788342e-12,3.75484313012003e-12
2.30345307307714e-12,3.75975181853906e-12
2.30028571136004e-12,3.76472135411125e-12
2.2971281119557e-12,3.76975139128286e-12
2.2939802731596e-12,3.77484159027547e-12
2.29084219241477e-12,3.7799916171046e-12
2.28771386638576e-12,3.78520114358859e-12
2.28459529103101e-12,3.79046984734782e-12
2.28148646167343e-12,3.79579741179396e-12
2.27838737306929e-12,3.80118352611006e-12
2.27529801947537e-12,3.80662788522102e-12
2.27221839471431e-12,3.8121301897549e-12
2.26914849223809e-12,3.81769014599511e-12
2.26608830518971e-12,3.8233074658237e-12
2.26303782646301e-12,3.82898186665581e-12
2.25999704876066e-12,3.83471307136569e-12
2.25696596465002e-12,3.84050080820397e-12
2.25394456661743e-12,3.84634481070723e-12
2.2509328471202e-12,3.8522448175989e-12
2.24793079863695e-12,3.85820057268296e-12
2.24493841371576e-12,3.86421182472958e-12
2.24195568502049e-12,3.87027832735353e-12
2.23898260537507e-12,3.87639983888543e-12
2.23601916780578e-12,3.88257612223602e-12
2.23306536558155e-12,3.88880694475364e-12
2.23012119225229e-12,3.89509207807537e-12
2.22718664168521e-12,3.90143129797185e-12
2.22426170809912e-12,3.90782438418615e-12
2.22134638609674e-12,3.91427112026683e-12
2.21844067069507e-12,3.92077129339566e-12
2.2155445573537e-12,3.92732469421009e-12
2.2126580420012e-12,3.93393111662072e-12
2.2097811210595e-12,3.94059035762416e-12
2.20691379146639e-12,3.94730221711156e-12
2.20405605069592e-12,3.95406649767287e-12
2.20120789677706e-12,3.96088300439744e-12
2.19836932831032e-12,3.96775154467097e-12
2.19554034448249e-12,3.97467192796925e-12
2.19272094507953e-12,3.98164396564893e-12
2.18991113049756e-12,3.98866747073559e-12
2.18711090175207e-12,3.99574225770943e-12
2.18432026048529e-12,4.00286814228896e-12
2.18153920897169e-12,4.01004494121276e-12
2.17876775012189e-12,4.01727247201981e-12
2.17600588748463e-12,4.02455055282871e-12
2.1732536252472e-12,4.03187900211581e-12
2.17051096823413e-12,4.03925763849295e-12
2.16777792190416e-12,4.04668628048468e-12
2.16505449234571e-12,4.05416474630569e-12
2.16234068627072e-12,4.06169285363835e-12
2.15963651100697e-12,4.06927041941102e-12
2.15694197448875e-12,4.0768972595769e-12
2.15425708524634e-12,4.08457318889453e-12
2.15158185239375e-12,4.09229802070933e-12
2.14891628561524e-12,4.10007156673704e-12
2.14626039515048e-12,4.10789363684931e-12
2.14361419177828e-12,4.11576403886135e-12
2.14097768679919e-12,4.12368257832237e-12
2.13835089201675e-12,4.13164905830883e-12
2.13573381971764e-12,4.13966327922079e-12
2.13312648265065e-12,4.14772503858172e-12
2.13052889400448e-12,4.15583413084189e-12
2.12794106738462e-12,4.1639903471858e-12
2.12536301678915e-12,4.17219347534371e-12
2.12279475658356e-12,4.18044329940769e-12
2.12023630147468e-12,4.18873959965219e-12
2.11768766648379e-12,4.1970821523597e-12
2.11514886691878e-12,4.20547072965137e-12
2.11261991834573e-12,4.21390509932329e-12
2.11010083655956e-12,4.22238502468793e-12
2.10759163755418e-12,4.2309102644219e-12
2.10509233749193e-12,4.23948057241927e-12
2.10260295267244e-12,4.24809569765136e-12
2.10012349950107e-12,4.25675538403296e-12
2.09765399445668e-12,4.26545937029496e-12
2.09519445405918e-12,4.27420738986387e-12
2.09274489483658e-12,4.28299917074839e-12
2.09030533329181e-12,4.29183443543287e-12
2.0878757858691e-12,4.30071290077819e-12
2.08545626892038e-12,4.30963427793001e-12
2.08304679867125e-12,4.31859827223452e-12
2.08064739118702e-12,4.32760458316206e-12
2.07825806233857e-12,4.33665290423824e-12
2.0758788277682e-12,4.34574292298325e-12
2.07350970285551e-12,4.35487432085907e-12
2.07115070268339e-12,4.3640467732248e-12
2.06880184200397e-12,4.37325994930011e-12
2.06646313520499e-12,4.38251351213732e-12
2.06413459627612e-12,4.39180711860126e-12
2.06181623877569e-12,4.40114041935805e-12
2.05950807579766e-12,4.41051305887202e-12
2.05721011993901e-12,4.41992467541123e-12
2.05492238326739e-12,4.42937490106155e-12
2.05264487728934e-12,4.43886336174922e-12
2.05037761291884e-12,4.44838967727185e-12
