6.76224072715147e-13,8.65289810358561e-13
6.78830108626878e-13,8.69642898904675e-13
6.81463212173273e-13,8.74005134235773e-13
6.84123708560867e-13,8.78376113611017e-13
6.86811923337296e-13,8.82755417348606e-13
6.89528182005242e-13,8.87142608502392e-13
6.92272809622655e-13,8.91537232548893e-13
6.95046130389565e-13,8.95938817085429e-13
6.97848467221736e-13,9.00346871540047e-13
7.00680141311517e-13,9.04760886894009e-13
7.03541471676224e-13,9.09180335417496e-13
7.06432774694455e-13,9.13604670419298e-13
7.09354363630694e-13,9.18033326011098e-13
7.12306548148685e-13,9.22465716887173e-13
7.15289633813978e-13,9.26901238120068e-13
7.18303921586128e-13,9.31339264973006e-13
7.21349707301074e-13,9.35779152729683e-13
7.24427281144181e-13,9.4022023654209e-13
7.27536927114483e-13,9.44661831297018e-13
7.30678922480736e-13,9.49103231501876e-13
7.33853537229805e-13,9.53543711190471e-13
7.37061033508017e-13,9.5798252384926e-13
7.40301665056108e-13,9.62418902364809e-13
7.43575676638408e-13,9.66852058992869e-13
7.46883303466888e-13,9.71281185349736e-13
7.50224770620807e-13,9.7570545242637e-13
7.53600292462596e-13,9.80124010625795e-13
7.57010072050732e-13,9.84535989824265e-13
7.60454300550311e-13,9.88940499456662e-13
7.63933156642051e-13,9.9333662862658e-13
7.67446805930497e-13,9.97723446241477e-13
7.70995400352189e-13,1.00210000117333e-12
7.74579077584563e-13,1.00646532244511e-12
7.7819796045637e-13,1.01081841944345e-12
7.81852156360429e-13,1.01515828215778e-12
7.85541756669517e-13,1.01948388144628e-12
7.89266836156144e-13,1.02379416932871e-12
7.93027452417177e-13,1.02808807930666e-12
7.96823645303961e-13,1.03236452671103e-12
8.00655436358889e-13,1.03662240907715e-12
8.04522828259223e-13,1.04086060654761e-12
8.08425804268946e-13,1.04507798230277e-12
8.12364327699563e-13,1.04927338301916e-12
8.16338341380607e-13,1.0534456393557e-12
8.20347767140711e-13,1.05759356646762e-12
8.24392505300099e-13,1.06171596454834e-12
8.28472434175251e-13,1.06581161939879e-12
8.3258740959662e-13,1.06987930302443e-12
8.36737264440198e-13,1.07391777425952e-12
8.40921808173698e-13,1.0779257794186e-12
8.4514082641818e-13,1.08190205297486e-12
8.49394080525908e-13,1.08584531826523e-12
8.53681307175174e-13,1.08975428822161e-12
8.58002217982868e-13,1.09362766612828e-12
8.6235649913555e-13,1.0974641464047e-12
8.66743811039737e-13,1.10126241541352e-12
8.71163787992106e-13,1.10502115229327e-12
8.75616037870339e-13,1.10873902981519e-12
8.80100141845269e-13,1.11241471526363e-12
8.84615654114968e-13,1.11604687133951e-12
8.89162101661463e-13,1.11963415708623e-12
8.9373898403064e-13,1.12317522883721e-12
8.98345773135954e-13,1.12666874118461e-12
9.02981913086517e-13,1.13011334796826e-12
9.07646820040105e-13,1.13350770328426e-12
9.12339882081577e-13,1.13685046251221e-12
9.1706045912725e-13,1.14014028336045e-12
9.2180788285563e-13,1.14337582692834e-12
9.26581456664982e-13,1.14655575878463e-12
9.31380455658121e-13,1.14967875006111e-12
9.36204126654817e-13,1.15274347856049e-12
9.41051688232118e-13,1.1557486298775e-12
9.45922330792978e-13,1.15869289853226e-12
9.50815216663381e-13,1.1615749891148e-12
9.55729480218279e-13,1.1643936174397e-12
9.60664228036538e-13,1.16714751170968e-12
9.65618539085051e-13,1.16983541368707e-12
9.70591464932165e-13,1.17245607987191e-12
9.75582029990605e-13,1.17500828268571e-12
9.80589231789847e-13,1.17749081165937e-12
9.85612041278077e-13,1.17990247462425e-12
9.90649403153707e-13,1.18224209890515e-12
9.95700236226404e-13,1.18450853251377e-12
1.00076343380757e-12,1.18670064534158e-12
1.00583786413018e-12,1.18881733035074e-12
1.01092237079781e-12,1.19085750476161e-12
1.01601577326267e-12,1.19282011123582e-12
1.0211168673325e-12,1.19470411905343e-12
1.02622442570592e-12,1.19650852528272e-12
1.03133719853609e-12,1.19823235594154e-12
1.03645391402231e-12,1.1998746671487e-12
1.04157327902912e-12,1.20143454626407e-12
1.0466939797326e-12,1.20291111301608e-12
1.05181468229336e-12,1.20430352061527e-12
1.0569340335558e-12,1.2056109568525e-12
1.06205066177305e-12,1.20683264518055e-12
1.06716317735714e-12,1.20796784577771e-12
1.07227017365377e-12,1.209015856592e-12
1.07737022774102e-12,1.20997601436483e-12
1.08246190125149e-12,1.21084769563266e-12
1.08754374121699e-12,1.2116303177054e-12
1.09261428093529e-12,1.21232333962026e-12
1.09767204085797e-12,1.2129262630698e-12
1.10271552949881e-12,1.21343863330299e-12
1.10774324436167e-12,1.2138600399978e-12
1.1127536728873e-12,1.21419011810448e-12
1.11774529341797e-12,1.214428548658e-12
1.12271657617918e-12,1.21457505955871e-12
1.1276659842775e-12,1.21462942631994e-12
1.13259197471357e-12,1.2145914727816e-12
1.13749299940937e-12,1.21446107178845e-12
1.14236750624863e-12,1.21423814583225e-12
1.14721394012954e-12,1.2139226676566e-12
1.15203074402863e-12,1.21351466082358e-12
1.15681636007477e-12,1.21301420024116e-12
1.1615692306323e-12,1.21242141265061e-12
1.16628779939206e-12,1.21173647707286e-12
1.1709705124694e-12,1.21095962521313e-12
1.17561581950793e-12,1.21009114182301e-12
1.18022217478793e-12,1.20913136501914e-12
1.18478803833824e-12,1.20808068655801e-12
1.18931187705059e-12,1.20693955206594e-12
1.19379216579503e-12,1.20570846122392e-12
1.19822738853548e-12,1.20438796790654e-12
1.20261603944418e-12,1.20297868027461e-12
1.20695662401372e-12,1.20148126082095e-12
1.21124766016572e-12,1.19989642636904e-12
1.21548767935478e-12,1.19822494802401e-12
1.21967522766659e-12,1.19646765107584e-12
1.22380886690911e-12,1.1946254148544e-12
1.22788717569545e-12,1.1926991725362e-12
1.23190875051749e-12,1.19068991090264e-12
1.23587220680893e-12,1.18859867004982e-12
1.23977617999671e-12,1.18642654304964e-12
1.24361932653957e-12,1.18417467556248e-12
1.2474003249527e-12,1.18184426540138e-12
1.25111787681728e-12,1.17943656204787e-12
1.25477070777391e-12,1.17695286611975e-12
1.25835756849862e-12,1.17439452879096e-12
1.2618772356607e-12,1.17176295116391e-12
1.26532851286099e-12,1.16905958359464e-12
1.26871023154977e-12,1.16628592497127e-12
1.27202125192315e-12,1.1634435219461e-12
1.27526046379705e-12,1.16053396812209e-12
1.27842678745764e-12,1.15755890319413e-12
1.28151917448745e-12,1.15452001204597e-12
1.28453660856618e-12,1.1514190238032e-12
1.28747810624523e-12,1.14825771084348e-12
1.29034271769518e-12,1.14503788776442e-12
1.29312952742542e-12,1.14176141031025e-12
1.29583765497488e-12,1.13843017425814e-12
1.29846625557348e-12,1.1350461142651e-12
1.30101452077314e-12,1.13161120267655e-12
1.30348167904797e-12,1.12812744829762e-12
1.30586699636275e-12,1.12459689512829e-12
1.30816977670917e-12,1.12102162106364e-12
1.31038936260924e-12,1.11740373656026e-12
1.31252513558521e-12,1.11374538327031e-12
1.31457651659555e-12,1.1100487326443e-12
1.31654296643653e-12,1.10631598450424e-12
1.31842398610883e-12,1.10254936558824e-12
1.32021911714894e-12,1.09875112806825e-12
1.32192794192479e-12,1.09492354804229e-12
1.32355008389553e-12,1.09106892400272e-12
1.32508520783489e-12,1.08718957528205e-12
1.32653302001815e-12,1.08328784047793e-12
1.3278932683723e-12,1.07936607585895e-12
1.32916574258945e-12,1.07542665375273e-12
1.33035027420316e-12,1.07147196091819e-12
1.33144673662779e-12,1.06750439690347e-12
1.3324550451607e-12,1.06352637239142e-12
1.33337515694757e-12,1.05954030753417e-12
1.33420707091052e-12,1.05554863027877e-12
1.33495082763949e-12,1.05155377468544e-12
1.33560650924688e-12,1.04755817924036e-12
1.33617423918556e-12,1.04356428516477e-12
1.33665418203067e-12,1.03957453472213e-12
1.33704654322535e-12,1.03559136952515e-12
1.33735156879078e-12,1.0316172288446e-12
1.33756954500086e-12,1.02765454792159e-12
1.33770079802195e-12,1.02370575628525e-12
1.33774569351815e-12,1.01977327607751e-12
1.33770463622253e-12,1.01585952038689e-12
1.33757806947489e-12,1.01196689159309e-12
1.33736647472661e-12,1.00809777972406e-12
1.33707037101317e-12,1.0042545608275e-12
1.336690314395e-12,1.00043959535846e-12
1.33622689736731e-12,9.96655226584827e-13
1.33568074823968e-12,9.92903779012325e-13
1.33505253048604e-12,9.89187556830975e-13
1.33434294206596e-12,9.85508842384457e-13
1.33355271471797e-12,9.81869894664173e-13
1.33268261322573e-12,9.78272947829607e-13
1.33173343465806e-12,9.74720209756622e-13
1.33070600758365e-12,9.71213860615214e-13
1.32960119126128e-12,9.6775605147828e-13
1.3284198748068e-12,9.64348902962953e-13
1.32716297633746e-12,9.60994503905864e-13
1.32583144209508e-12,9.5769491007388e-13
1.3244262455486e-12,9.54452142911582e-13
1.32294838647741e-12,9.51268188326891e-13
1.32139889003648e-12,9.48144995516099e-13
1.31977880580422e-12,9.4508447582958e-13
1.31808920681438e-12,9.42088501679297e-13
1.31633118857305e-12,9.39158905489349e-13
1.31450586806181e-12,9.36297478690567e-13
1.31261438272837e-12,9.33505970760183e-13
1.31065788946573e-12,9.30786088307627e-13
1.30863756358101e-12,9.28139494207252e-13
1.30655459775538e-12,9.25567806778972e-13
1.3044102009959e-12,9.23072599017491e-13
1.30220559758086e-12,9.20655397870952e-13
1.29994202599947e-12,9.1831768356958e-13
1.29762073788746e-12,9.16060889005063e-13
1.29524299695944e-12,9.13886399161061e-13
1.29281007793946e-12,9.11795550595446e-13
1.29032326549097e-12,9.09789630974619e-13
1.28778385314715e-12,9.07869878660241e-13
1.28519314224313e-12,9.06037482348736e-13
1.28255244085097e-12,9.04293580763664e-13
1.2798630627188e-12,9.02639262401195e-13
1.27712632621517e-12,9.01075565328688e-13
1.27434355327976e-12,8.99603477036482e-13
1.27151606838168e-12,8.9822393434269e-13
1.26864519748635e-12,8.96937823350977e-13
1.26573226703213e-12,8.95745979461099e-13
1.26277860291788e-12,8.94649187431866e-13
1.25978552950229e-12,8.93648181496295e-13
1.25675436861628e-12,8.92743645528469e-13
1.25368643858931e-12,8.91936213261639e-13
1.2505830532907e-12,8.91226468557063e-13
1.24744552118689e-12,8.90614945722963e-13
1.2442751444156e-12,8.9010212988288e-13
1.24107321787785e-12,8.89688457392794e-13
1.2378410283487e-12,8.89374316306102e-13
1.23457985360754e-12,8.89160046885681e-13
1.23129096158887e-12,8.89045942162029e-13
1.22797560955427e-12,8.89032248536626e-13
1.22463504328638e-12,8.89119166429318e-13
1.22127049630562e-12,8.89306850968792e-13
1.2178831891104e-12,8.89595412724857e-13
1.21447432844136e-12,8.89984918481397e-13
1.21104510657046e-12,8.90475392048775e-13
1.20759670061531e-12,8.91066815114234e-13
1.2041302718795e-12,8.91759128129154e-13
1.20064696521927e-12,8.92552231231561e-13
1.19714790843717e-12,8.93445985202595e-13
1.19363421170304e-12,8.94440212455357e-13
1.19010696700271e-12,8.95534698054646e-13
1.18656724761488e-12,8.96729190766035e-13
1.18301610761641e-12,8.98023404132639e-13
1.17945458141643e-12,8.99417017578018e-13
1.17588368331927e-12,9.00909677533448e-13
1.17230440711673e-12,9.02500998587962e-13
1.16871772570963e-12,9.04190564659415e-13
1.16512459075879e-12,9.05977930184798e-13
1.16152593236566e-12,9.07862621328075e-13
1.15792265878246e-12,9.09844137203759e-13
1.15431565615196e-12,9.11921951114425e-13
1.15070578827676e-12,9.14095511800356e-13
1.14709389641812e-12,9.16364244699494e-13
1.14348079912411e-12,9.18727553215889e-13
1.13986729208693e-12,9.2118481999479e-13
1.13625414802928e-12,9.23735408202578e-13
1.13264211661948e-12,9.26378662809698e-13
1.12903192441507e-12,9.29113911874712e-13
1.12542427483459e-12,9.31940467827773e-13
1.12181984815725e-12,9.34857628751555e-13
1.11821930155001e-12,9.37864679657954e-13
1.11462326912166e-12,9.40960893758753e-13
1.11103236200359e-12,9.4414553372841e-13
1.10744716845659e-12,9.47417852957321e-13
1.10386825400324e-12,9.5077709679376e-13
1.10029616158533e-12,9.54222503772822e-13
1.09673141174582e-12,9.57753306830706e-13
1.09317450283453e-12,9.61368734502655e-13
1.08962591123714e-12,9.65068012103003e-13
1.08608609162666e-12,9.68850362885654e-13
1.08255547723684e-12,9.72715009183618e-13
1.07903448015668e-12,9.76661173525907e-13
1.07552349164535e-12,9.80688079730498e-13
1.07202288246679e-12,9.84794953971862e-13
1.06853300324311e-12,9.88981025821739e-13
1.06505418482612e-12,9.93245529261793e-13
1.06158673868607e-12,9.97587703666966e-13
1.05813095731685e-12,1.00200679475822e-12
1.05468711465665e-12,1.00650205552355e-12
1.0512554665234e-12,1.01107274710624e-12
1.04783625106398e-12,1.01571813965916e-12
1.04442968921635e-12,1.02043751316428e-12
1.04103598518372e-12,1.02523015821634e-12
1.03765532691978e-12,1.03009537676996e-12
1.0342878866242e-12,1.03503248284926e-12
1.03093382124735e-12,1.04004080321928e-12
1.02759327300333e-12,1.0451196780187e-12
1.02426636989051e-12,1.05026846135292e-12
1.02095322621849e-12,1.05548652184742e-12
1.01765394314062e-12,1.06077324316043e-12
1.01436860919118e-12,1.06612802445502e-12
1.01109730082623e-12,1.07155028082988e-12
