2.58580376257992e-12,3.76869580138492e-12
2.58768591102997e-12,3.77986592581796e-12
2.58956606433814e-12,3.79104112003316e-12
2.59144419661041e-12,3.80222108799017e-12
2.59332028157731e-12,3.81340553040804e-12
2.5951942925897e-12,3.824594144749e-12
2.59706620261458e-12,3.8357866252027e-12
2.59893598423094e-12,3.84698266267084e-12
2.60080360962557e-12,3.8581819447522e-12
2.60266905058895e-12,3.86938415572813e-12
2.60453227851108e-12,3.88058897654844e-12
2.60639326437743e-12,3.8917960848178e-12
2.60825197876481e-12,3.90300515478249e-12
2.61010839183734e-12,3.91421585731779e-12
2.61196247334241e-12,3.92542785991571e-12
2.61381419260665e-12,3.93664082667331e-12
2.615663518532e-12,3.94785441828151e-12
2.61751041959175e-12,3.95906829201447e-12
2.61935486382656e-12,3.97028210171937e-12
2.62119681884071e-12,3.98149549780699e-12
2.62303625179814e-12,3.99270812724261e-12
2.62487312941871e-12,4.00391963353761e-12
2.62670741797441e-12,4.01512965674173e-12
2.62853908328567e-12,4.02633783343576e-12
2.63036809071764e-12,4.037543796725e-12
2.63219440517662e-12,4.04874717623329e-12
2.63401799110641e-12,4.05994759809771e-12
2.63583881248482e-12,4.07114468496386e-12
2.6376568328202e-12,4.08233805598196e-12
2.63947201514797e-12,4.09352732680346e-12
2.64128432202726e-12,4.10471210957847e-12
2.64309371553765e-12,4.11589201295388e-12
2.64490015727585e-12,4.12706664207212e-12
2.64670360835252e-12,4.13823559857072e-12
2.64850402938919e-12,4.14939848058264e-12
2.65030138051512e-12,4.1605548827373e-12
2.65209562136435e-12,4.17170439616235e-12
2.65388671107278e-12,4.18284660848634e-12
2.65567460827528e-12,4.19398110384208e-12
2.65745927110292e-12,4.2051074628708e-12
2.65924065718027e-12,4.21622526272724e-12
2.66101872362276e-12,4.22733407708536e-12
2.66279342703412e-12,4.23843347614516e-12
2.66456472350389e-12,4.24952302664009e-12
2.66633256860509e-12,4.26060229184551e-12
2.66809691739183e-12,4.27167083158787e-12
2.66985772439716e-12,4.28272820225495e-12
2.67161494363088e-12,4.29377395680678e-12
2.67336852857755e-12,4.30480764478768e-12
2.67511843219449e-12,4.31582881233903e-12
2.67686460690992e-12,4.32683700221306e-12
2.67860700462127e-12,4.33783175378763e-12
2.68034557669341e-12,4.34881260308176e-12
2.68208027395714e-12,4.35977908277234e-12
2.68381104670773e-12,4.37073072221163e-12
2.68553784470353e-12,4.38166704744585e-12
2.68726061716469e-12,4.39258758123464e-12
2.68897931277208e-12,4.40349184307167e-12
2.69069387966616e-12,4.41437934920603e-12
2.69240426544605e-12,4.42524961266484e-12
2.69411041716877e-12,4.43610214327674e-12
2.69581228134845e-12,4.44693644769645e-12
2.69750980395575e-12,4.45775202943034e-12
2.6992029304174e-12,4.46854838886312e-12
2.70089160561579e-12,4.47932502328543e-12
2.70257577388873e-12,4.49008142692256e-12
2.70425537902935e-12,4.50081709096434e-12
2.70593036428608e-12,4.51153150359586e-12
2.70760067236271e-12,4.52222415002944e-12
2.70926624541871e-12,4.53289451253763e-12
2.71092702506954e-12,4.5435420704873e-12
2.7125829523872e-12,4.55416630037477e-12
2.71423396790077e-12,4.56476667586211e-12
2.71588001159724e-12,4.57534266781445e-12
2.71752102292237e-12,4.58589374433852e-12
2.71915694078167e-12,4.59641937082213e-12
2.72078770354164e-12,4.60691900997493e-12
2.72241324903095e-12,4.61739212187016e-12
2.72403351454197e-12,4.62783816398756e-12
2.72564843683226e-12,4.63825659125747e-12
2.72725795212629e-12,4.64864685610584e-12
2.72886199611731e-12,4.65900840850074e-12
2.73046050396932e-12,4.66934069599954e-12
2.73205341031916e-12,4.67964316379762e-12
2.73364064927885e-12,4.68991525477794e-12
2.73522215443795e-12,4.7001564095619e-12
2.73679785886615e-12,4.71036606656126e-12
2.73836769511597e-12,4.72054366203118e-12
2.7399315952256e-12,4.7306886301245e-12
2.74148949072194e-12,4.74080040294697e-12
2.74304131262371e-12,4.75087841061382e-12
2.74458699144479e-12,4.76092208130727e-12
2.74612645719766e-12,4.77093084133529e-12
2.74765963939696e-12,4.78090411519147e-12
2.74918646706335e-12,4.79084132561596e-12
2.75070686872732e-12,4.80074189365761e-12
2.75222077243329e-12,4.81060523873715e-12
2.75372810574384e-12,4.82043077871152e-12
2.75522879574408e-12,4.83021792993935e-12
2.75672276904613e-12,4.8399661073475e-12
2.75820995179386e-12,4.8496747244987e-12
2.75969026966772e-12,4.85934319366032e-12
2.76116364788967e-12,4.86897092587421e-12
2.76263001122843e-12,4.87855733102765e-12
2.76408928400469e-12,4.88810181792535e-12
2.76554139009664e-12,4.89760379436254e-12
2.76698625294555e-12,4.90706266719915e-12
2.76842379556157e-12,4.91647784243499e-12
2.76985394052967e-12,4.92584872528609e-12
2.77127661001569e-12,4.93517472026194e-12
2.77269172577264e-12,4.94445523124389e-12
2.77409920914708e-12,4.95368966156452e-12
2.7754989810857e-12,4.96287741408808e-12
2.776890962142e-12,4.97201789129177e-12
2.77827507248324e-12,4.98111049534833e-12
2.77965123189738e-12,4.9901546282093e-12
2.78101935980039e-12,4.99914969168944e-12
2.78237937524345e-12,5.00809508755201e-12
2.78373119692059e-12,5.01699021759518e-12
2.78507474317628e-12,5.02583448373915e-12
2.78640993201325e-12,5.03462728811435e-12
2.78773668110044e-12,5.04336803315053e-12
2.78905490778115e-12,5.05205612166671e-12
2.79036452908134e-12,5.06069095696209e-12
2.79166546171798e-12,5.06927194290775e-12
2.79295762210768e-12,5.07779848403926e-12
2.79424092637542e-12,5.08626998565016e-12
2.79551529036342e-12,5.09468585388622e-12
2.79678062964016e-12,5.10304549584051e-12
2.79803685950956e-12,5.11134831964933e-12
2.79928389502033e-12,5.11959373458883e-12
2.80052165097543e-12,5.1277811511725e-12
2.80175004194166e-12,5.13590998124933e-12
2.80296898225945e-12,5.14397963810266e-12
2.80417838605278e-12,5.15198953654993e-12
2.80537816723918e-12,5.15993909304286e-12
2.80656823953997e-12,5.16782772576852e-12
2.80774851649056e-12,5.17565485475093e-12
2.80891891145092e-12,5.18341990195337e-12
2.81007933761617e-12,5.19112229138119e-12
2.81122970802737e-12,5.19876144918542e-12
2.81236993558233e-12,5.20633680376668e-12
2.81349993304667e-12,5.2138477858799e-12
2.81461961306491e-12,5.22129382873939e-12
2.81572888817176e-12,5.2286743681245e-12
2.81682767080352e-12,5.23598884248575e-12
2.8179158733096e-12,5.24323669305143e-12
2.81899340796415e-12,5.25041736393463e-12
2.82006018697783e-12,5.25753030224071e-12
2.82111612250969e-12,5.26457495817505e-12
2.82216112667919e-12,5.27155078515137e-12
2.82319511157835e-12,5.27845723990023e-12
2.82421798928393e-12,5.28529378257797e-12
2.82522967186979e-12,5.29205987687576e-12
2.8262300714194e-12,5.29875499012916e-12
2.82721910003835e-12,5.30537859342773e-12
2.82819666986708e-12,5.31193016172503e-12
2.82916269309359e-12,5.31840917394854e-12
2.8301170819664e-12,5.32481511311014e-12
2.83105974880746e-12,5.33114746641637e-12
2.83199060602529e-12,5.33740572537895e-12
2.8329095661281e-12,5.34358938592545e-12
2.83381654173708e-12,5.34969794850989e-12
2.83471144559977e-12,5.35573091822345e-12
2.83559419060346e-12,5.36168780490515e-12
2.83646468978876e-12,5.36756812325248e-12
2.83732285636318e-12,5.37337139293206e-12
2.83816860371484e-12,5.37909713869016e-12
2.83900184542621e-12,5.38474489046301e-12
2.83982249528796e-12,5.39031418348721e-12
2.84063046731291e-12,5.39580455840972e-12
2.84142567574993e-12,5.40121556139778e-12
2.84220803509805e-12,5.40654674424857e-12
2.84297746012055e-12,5.41179766449859e-12
2.84373386585911e-12,5.41696788553285e-12
2.84447716764808e-12,5.42205697669354e-12
2.8452072811287e-12,5.42706451338854e-12
2.84592412226347e-12,5.43199007719943e-12
2.84662760735053e-12,5.43683325598917e-12
2.84731765303805e-12,5.44159364400925e-12
2.84799417633873e-12,5.44627084200643e-12
2.84865709464429e-12,5.45086445732893e-12
2.84930632573998e-12,5.4553741040321e-12
2.84994178781923e-12,5.45979940298361e-12
2.85056339949817e-12,5.46413998196778e-12
2.85117107983029e-12,5.46839547578964e-12
2.85176474832107e-12,5.47256552637794e-12
2.85234432494269e-12,5.47664978288784e-12
2.85290973014867e-12,5.48064790180255e-12
2.8534608848886e-12,5.48455954703446e-12
2.85399771062279e-12,5.4883843900253e-12
2.85452012933707e-12,5.49212210984558e-12
2.8550280635574e-12,5.49577239329311e-12
2.85552143636468e-12,5.49933493499072e-12
2.85600017140938e-12,5.50280943748297e-12
2.85646419292628e-12,5.50619561133197e-12
2.85691342574915e-12,5.50949317521217e-12
2.85734779532542e-12,5.51270185600419e-12
2.85776722773083e-12,5.51582138888758e-12
2.85817164968406e-12,5.51885151743248e-12
2.85856098856135e-12,5.52179199369024e-12
2.85893517241107e-12,5.5246425782828e-12
2.85929412996821e-12,5.52740304049096e-12
2.85963779066898e-12,5.53007315834148e-12
2.85996608466521e-12,5.5326527186929e-12
2.86027894283878e-12,5.53514151732008e-12
2.86057629681599e-12,5.53753935899748e-12
2.86085807898193e-12,5.53984605758114e-12
2.86112422249465e-12,5.54206143608915e-12
2.86137466129947e-12,5.54418532678106e-12
2.86160933014306e-12,5.54621757123544e-12
2.8618281645875e-12,5.54815802042632e-12
2.86203110102439e-12,5.55000653479814e-12
2.86221807668866e-12,5.5517629843389e-12
2.86238902967252e-12,5.55342724865216e-12
2.86254389893919e-12,5.55499921702719e-12
2.86268262433661e-12,5.55647878850773e-12
2.86280514661101e-12,5.55786587195887e-12
2.86291140742048e-12,5.55916038613262e-12
2.86300134934831e-12,5.56036225973147e-12
2.86307491591639e-12,5.56147143147056e-12
2.86313205159833e-12,5.56248785013768e-12
2.86317270183266e-12,5.56341147465216e-12
2.86319681303573e-12,5.56424227412119e-12
2.86320433261465e-12,5.56498022789506e-12
2.86319520898005e-12,5.56562532562003e-12
2.86316939155866e-12,5.56617756728957e-12
2.86312683080593e-12,5.56663696329377e-12
2.86306747821832e-12,5.5670035344666e-12
2.86299128634556e-12,5.56727731213143e-12
2.86289820880283e-12,5.56745833814451e-12
2.86278820028269e-12,5.5675466649365e-12
2.86266121656694e-12,5.56754235555193e-12
2.86251721453824e-12,5.56744548368662e-12
2.86235615219174e-12,5.56725613372315e-12
2.86217798864639e-12,5.56697440076411e-12
2.86198268415621e-12,5.56660039066336e-12
2.86177020012132e-12,5.5661342200551e-12
2.86154049909888e-12,5.56557601638082e-12
2.86129354481375e-12,5.5649259179141e-12
2.86102930216916e-12,5.56418407378321e-12
2.86074773725698e-12,5.56335064399149e-12
2.860448817368e-12,5.56242579943556e-12
2.86013251100198e-12,5.56140972192129e-12
2.85979878787739e-12,5.5603026041774e-12
2.85944761894115e-12,5.55910464986694e-12
2.8590789763781e-12,5.55781607359644e-12
2.85869283362024e-12,5.55643710092269e-12
2.85828916535579e-12,5.55496796835724e-12
2.85786794753809e-12,5.55340892336858e-12
2.85742915739428e-12,5.55176022438198e-12
2.85697277343375e-12,5.55002214077693e-12
2.85649877545637e-12,5.54819495288219e-12
2.85600714456057e-12,5.54627895196854e-12
2.85549786315116e-12,5.54427444023904e-12
2.85497091494698e-12,5.54218173081703e-12
2.85442628498816e-12,5.54000114773132e-12
2.85386395964345e-12,5.53773302589959e-12
2.85328392661705e-12,5.53537771110875e-12
2.85268617495537e-12,5.53293555999315e-12
2.85207069505349e-12,5.53040694001035e-12
2.8514374786614e-12,5.52779222941424e-12
2.85078651889005e-12,5.52509181722596e-12
2.85011781021707e-12,5.52230610320209e-12
2.84943134849233e-12,5.51943549780054e-12
2.84872713094324e-12,5.51648042214391e-12
2.84800515617973e-12,5.51344130798027e-12
2.84726542419909e-12,5.51031859764162e-12
2.8465079363905e-12,5.50711274399969e-12
2.84573269553935e-12,5.50382421041949e-12
2.84493970583117e-12,5.50045347071007e-12
2.84412897285555e-12,5.497001009073e-12
2.84330050360954e-12,5.49346732004825e-12
2.84245430650096e-12,5.48985290845778e-12
2.84159039135139e-12,5.48615828934628e-12
2.84070876939888e-12,5.48238398791987e-12
2.83980945330047e-12,5.47853053948193e-12
2.83889245713429e-12,5.47459848936671e-12
2.83795779640159e-12,5.47058839287045e-12
2.83700548802833e-12,5.46650081517984e-12
2.83603555036657e-12,5.4623363312983e-12
2.83504800319562e-12,5.45809552596964e-12
2.83404286772285e-12,5.4537789935994e-12
2.83302016658423e-12,5.44938733817359e-12
2.83197992384465e-12,5.44492117317522e-12
2.83092216499787e-12,5.44038112149828e-12
2.82984691696633e-12,5.43576781535941e-12
2.82875420810051e-12,5.43108189620719e-12
2.82764406817812e-12,5.42632401462895e-12
2.826516528403e-12,5.4214948302554e-12
2.82537162140371e-12,5.41659501166287e-12
2.82420938123177e-12,5.41162523627296e-12
2.82302984335985e-12,5.40658619025058e-12
2.82183304467933e-12,5.40147856839882e-12
2.82061902349789e-12,5.39630307405219e-12
2.81938781953661e-12,5.39106041896741e-12
2.81813947392688e-12,5.38575132321191e-12
2.81687402920704e-12,5.38037651505028e-12
2.81559152931863e-12,5.37493673082838e-12
2.81429201960242e-12,5.36943271485525e-12
