2.10611821144252e-12,2.5358076723281e-12
2.1084918106703e-12,2.53304300441708e-12
2.11080852705384e-12,2.53020157342252e-12
2.1130681512859e-12,2.52728471936587e-12
2.11527048868316e-12,2.52429380302836e-12
2.11741535921661e-12,2.52123020543263e-12
2.11950259753542e-12,2.51809532731569e-12
2.12153205298427e-12,2.51489058859328e-12
2.12350358961434e-12,2.51161742781609e-12
2.1254170861878e-12,2.50827730161807e-12
2.12727243617588e-12,2.5048716841571e-12
2.12906954775047e-12,2.5014020665484e-12
2.1308083437694e-12,2.49786995629096e-12
2.13248876175528e-12,2.49427687668734e-12
2.13411075386804e-12,2.49062436625708e-12
2.13567428687108e-12,2.48691397814411e-12
2.13717934209121e-12,2.48314727951856e-12
2.13862591537232e-12,2.47932585097314e-12
2.14001401702278e-12,2.47545128591451e-12
2.14134367175678e-12,2.47152518995007e-12
2.14261491862946e-12,2.46754918027034e-12
2.14382781096602e-12,2.46352488502738e-12
2.14498241628481e-12,2.4594539427096e-12
2.14607881621446e-12,2.45533800151328e-12
2.14711710640513e-12,2.45117871871114e-12
2.14809739643388e-12,2.44697776001834e-12
2.14901980970434e-12,2.44273679895626e-12
2.14988448334065e-12,2.43845751621442e-12
2.15069156807576e-12,2.43414159901085e-12
2.15144122813425e-12,2.42979074045137e-12
2.15213364110956e-12,2.42540663888797e-12
2.15276899783601e-12,2.42099099727689e-12
2.15334750225533e-12,2.41654552253647e-12
2.15386937127811e-12,2.4120719249054e-12
2.15433483464009e-12,2.40757191730151e-12
2.15474413475335e-12,2.4030472146816e-12
2.1550975265527e-12,2.3984995334026e-12
2.15539527733706e-12,2.39393059058442e-12
2.15563766660629e-12,2.3893421034749e-12
2.1558249858932e-12,2.38473578881707e-12
2.15595753859117e-12,2.38011336221924e-12
2.15603563977724e-12,2.37547653752816e-12
2.15605961603101e-12,2.37082702620565e-12
2.15602980524915e-12,2.36616653670894e-12
2.15594655645604e-12,2.36149677387526e-12
2.15581022961023e-12,2.35681943831074e-12
2.15562119540723e-12,2.35213622578428e-12
2.15537983507836e-12,2.34744882662636e-12
2.1550865401862e-12,2.34275892513344e-12
2.15474171241635e-12,2.33806819897809e-12
2.15434576336594e-12,2.33337831862516e-12
2.15389911432888e-12,2.32869094675447e-12
2.15340219607789e-12,2.32400773769005e-12
2.15285544864374e-12,2.31933033683657e-12
2.15225932109139e-12,2.31466038012296e-12
2.15161427129362e-12,2.30999949345372e-12
2.15092076570189e-12,2.30534929216805e-12
2.15017927911484e-12,2.30071138050726e-12
2.14939029444444e-12,2.29608735109056e-12
2.14855430247991e-12,2.29147878439962e-12
2.14767180164959e-12,2.28688724827213e-12
2.14674329778094e-12,2.28231429740459e-12
2.14576930385868e-12,2.27776147286465e-12
2.14475033978131e-12,2.27323030161316e-12
2.14368693211613e-12,2.26872229603627e-12
2.14257961385284e-12,2.2642389534877e-12
2.141428924156e-12,2.25978175584149e-12
2.14023540811625e-12,2.25535216905549e-12
2.1389996165007e-12,2.25095164274555e-12
2.13772210550243e-12,2.24658160977101e-12
2.13640343648934e-12,2.24224348583137e-12
2.13504417575242e-12,2.23793866907437e-12
2.13364489425364e-12,2.23366853971586e-12
2.13220616737355e-12,2.22943445967135e-12
2.13072857465882e-12,2.22523777219969e-12
2.12921269956965e-12,2.22107980155874e-12
2.12765912922746e-12,2.21696185267346e-12
2.12606845416276e-12,2.21288521081637e-12
2.12444126806348e-12,2.20885114130053e-12
2.12277816752383e-12,2.2048608891853e-12
2.12107975179384e-12,2.20091567899479e-12
2.11934662252971e-12,2.1970167144493e-12
2.11757938354507e-12,2.19316517820969e-12
2.11577864056338e-12,2.18936223163485e-12
2.11394500097146e-12,2.18560901455234e-12
2.11207907357437e-12,2.18190664504227e-12
2.11018146835176e-12,2.17825621923444e-12
2.10825279621573e-12,2.1746588111188e-12
2.10629366877048e-12,2.17111547236939e-12
2.10430469807372e-12,2.16762723218158e-12
2.10228649640002e-12,2.16419509712286e-12
2.10023967600623e-12,2.16082005099694e-12
2.09816484889904e-12,2.15750305472148e-12
2.09606262660492e-12,2.15424504621916e-12
2.09393361994229e-12,2.15104694032225e-12
2.09177843879639e-12,2.14790962869057e-12
2.08959769189661e-12,2.14483397974288e-12
2.08739198659661e-12,2.14182083860161e-12
2.08516192865728e-12,2.1388710270509e-12
2.08290812203258e-12,2.13598534350787e-12
2.08063116865842e-12,2.13316456300715e-12
2.07833166824469e-12,2.13040943719842e-12
2.07601021807046e-12,2.12772069435705e-12
2.07366741278255e-12,2.12509903940767e-12
2.07130384419737e-12,2.12254515396056e-12
2.06892010110644e-12,2.12005969636078e-12
2.06651676908529e-12,2.1176433017499e-12
2.06409443030612e-12,2.11529658214024e-12
2.06165366335415e-12,2.11302012650146e-12
2.05919504304775e-12,2.11081450085937e-12
2.05671914026254e-12,2.10868024840676e-12
2.05422652175931e-12,2.10661788962621e-12
2.05171775001607e-12,2.1046279224246e-12
2.04919338306406e-12,2.10271082227919e-12
2.04665397432806e-12,2.10086704239513e-12
2.04410007247074e-12,2.09909701387413e-12
2.04153222124139e-12,2.0974011458942e-12
2.03895095932885e-12,2.0957798259001e-12
2.03635682021894e-12,2.09423341980457e-12
2.03375033205615e-12,2.09276227219976e-12
2.03113201750987e-12,2.09136670657896e-12
2.02850239364509e-12,2.09004702556822e-12
2.02586197179762e-12,2.08880351116772e-12
2.02321125745393e-12,2.08763642500257e-12
2.02055075013546e-12,2.08654600858288e-12
2.0178809432877e-12,2.08553248357278e-12
2.01520232417382e-12,2.08459605206817e-12
2.01251537377304e-12,2.08373689688299e-12
2.00982056668364e-12,2.0829551818436e-12
2.00711837103067e-12,2.08225105209113e-12
2.00440924837845e-12,2.08162463439153e-12
2.00169365364776e-12,2.08107603745294e-12
1.99897203503774e-12,2.08060535225019e-12
1.99624483395256e-12,2.08021265235603e-12
1.99351248493287e-12,2.07989799427906e-12
1.99077541559189e-12,2.07966141780767e-12
1.98803404655634e-12,2.07950294636006e-12
1.98528879141204e-12,2.07942258733981e-12
1.98254005665423e-12,2.07942033249685e-12
1.97978824164257e-12,2.07949615829335e-12
1.97703373856092e-12,2.07965002627446e-12
1.97427693238161e-12,2.07988188344332e-12
1.97151820083454e-12,2.08019166264026e-12
1.96875791438072e-12,2.08057928292578e-12
1.96599643619054e-12,2.08104464996694e-12
1.96323412212647e-12,2.08158765642698e-12
1.96047132073037e-12,2.08220818235773e-12
1.95770837321524e-12,2.08290609559458e-12
1.95494561346138e-12,2.08368125215365e-12
1.95218336801699e-12,2.08453349663085e-12
1.94942195610311e-12,2.08546266260252e-12
1.94666168962289e-12,2.08646857302738e-12
1.94390287317502e-12,2.08755104064933e-12
1.94114580407148e-12,2.08870986840098e-12
1.93839077235933e-12,2.08994484980748e-12
1.93563806084668e-12,2.09125576939036e-12
1.93288794513259e-12,2.09264240307103e-12
1.930140693641e-12,2.09410451857376e-12
1.92739656765855e-12,2.09564187582769e-12
1.92465582137619e-12,2.09725422736764e-12
1.92191870193461e-12,2.09894131873345e-12
1.9191854494733e-12,2.10070288886745e-12
1.91645629718327e-12,2.10253867050982e-12
1.91373147136333e-12,2.1044483905917e-12
1.91101119147974e-12,2.10643177062539e-12
1.90829567022937e-12,2.10848852709176e-12
1.90558511360605e-12,2.11061837182438e-12
1.90287972097028e-12,2.11282101239007e-12
1.90017968512189e-12,2.11509615246571e-12
1.89748519237593e-12,2.11744349221096e-12
1.89479642264144e-12,2.11986272863673e-12
1.8921135495031e-12,2.12235355596896e-12
1.88943674030569e-12,2.1249156660077e-12
1.88676615624121e-12,2.12754874848096e-12
1.88410195243865e-12,2.1302524913934e-12
1.88144427805627e-12,2.13302658136941e-12
1.8787932763762e-12,2.13587070399032e-12
1.8761490849015e-12,2.13878454412577e-12
1.87351183545533e-12,2.14176778625876e-12
1.87088165428231e-12,2.14482011480426e-12
1.86825866215188e-12,2.14794121442124e-12
1.86564297446359e-12,2.15113077031785e-12
1.86303470135421e-12,2.15438846854955e-12
1.8604339478066e-12,2.15771399631012e-12
1.85784081376017e-12,2.16110704221515e-12
1.85525539422287e-12,2.16456729657815e-12
1.85267777938464e-12,2.1680944516788e-12
1.85010805473214e-12,2.17168820202346e-12
1.8475463011647e-12,2.17534824459756e-12
1.84499259511147e-12,2.17907427910998e-12
1.84244700864943e-12,2.18286600822897e-12
1.83990960962251e-12,2.18672313780989e-12
1.8373804617613e-12,2.19064537711418e-12
1.83485962480372e-12,2.19463243902001e-12
1.83234715461605e-12,2.1986840402239e-12
1.82984310331469e-12,2.20279990143379e-12
1.82734751938812e-12,2.20697974755304e-12
1.82486044781939e-12,2.2112233078556e-12
1.82238193020859e-12,2.21553031615202e-12
1.81991200489561e-12,2.21990051094648e-12
1.81745070708279e-12,2.22433363558467e-12
1.81499806895759e-12,2.22882943839242e-12
1.81255411981492e-12,2.23338767280521e-12
1.81011888617937e-12,2.23800809748844e-12
1.80769239192696e-12,2.24269047644838e-12
1.80527465840641e-12,2.24743457913402e-12
1.8028657045599e-12,2.25224018052948e-12
1.80046554704317e-12,2.25710706123741e-12
1.7980742003448e-12,2.26203500755292e-12
1.7956916769048e-12,2.26702381152861e-12
1.79331798723213e-12,2.27207327103018e-12
1.79095314002129e-12,2.27718318978307e-12
1.78859714226787e-12,2.28235337741012e-12
1.78624999938277e-12,2.28758364946002e-12
1.78391171530531e-12,2.29287382742706e-12
1.78158229261492e-12,2.29822373876183e-12
1.77926173264149e-12,2.3036332168734e-12
1.77695003557412e-12,2.30910210112254e-12
1.77464720056841e-12,2.31463023680664e-12
1.77235322585202e-12,2.32021747513595e-12
1.77006810882864e-12,2.32586367320168e-12
1.76779184617999e-12,2.33156869393566e-12
1.76552443396621e-12,2.33733240606211e-12
1.76326586772409e-12,2.34315468404124e-12
1.76101614256357e-12,2.34903540800532e-12
1.75877525326201e-12,2.35497446368679e-12
1.75654319435642e-12,2.36097174233902e-12
1.75431996023365e-12,2.36702714064982e-12
1.75210554521818e-12,2.37314056064755e-12
1.74989994365782e-12,2.37931190960041e-12
1.74770315000701e-12,2.38554109990893e-12
1.74551515890779e-12,2.39182804899169e-12
1.74333596526841e-12,2.39817267916481e-12
1.7411655643394e-12,2.40457491751504e-12
1.73900395178726e-12,2.41103469576697e-12
1.73685112376558e-12,2.41755195014433e-12
1.7347070769836e-12,2.42412662122575e-12
1.73257180877219e-12,2.43075865379514e-12
1.73044531714723e-12,2.4374479966869e-12
1.7283276008703e-12,2.44419460262621e-12
1.72621865950675e-12,2.45099842806471e-12
1.72411849348099e-12,2.45785943301154e-12
1.72202710412918e-12,2.46477758086041e-12
1.71994449374908e-12,2.47175283821253e-12
1.71787066564722e-12,2.47878517469585e-12
1.71580562418322e-12,2.48587456278085e-12
1.7137493748115e-12,2.4930209775932e-12
1.71170192411998e-12,2.50022439672321e-12
1.7096632798662e-12,2.50748480003283e-12
1.70763345101053e-12,2.51480216946004e-12
1.70561244774664e-12,2.52217648882112e-12
1.70360028152916e-12,2.52960774361097e-12
1.70159696509855e-12,2.53709592080173e-12
1.69960251250322e-12,2.54464100864007e-12
1.69761693911887e-12,2.55224299644324e-12
1.69564026166509e-12,2.55990187439441e-12
1.69367249821915e-12,2.56761763333713e-12
1.69171366822718e-12,2.57539026456977e-12
1.68976379251256e-12,2.58321975963961e-12
1.68782289328164e-12,2.59110611013722e-12
1.68589099412684e-12,2.59904930749134e-12
1.68396812002705e-12,2.60704934276432e-12
1.68205429734552e-12,2.61510620644867e-12
1.68014955382508e-12,2.62321988826474e-12
1.67825391858086e-12,2.63139037695992e-12
1.67636742209055e-12,2.63961766010952e-12
1.67449009618207e-12,2.64790172391975e-12
1.67262197401895e-12,2.65624255303276e-12
1.6707630900832e-12,2.66464013033433e-12
1.66891348015596e-12,2.6730944367642e-12
1.66707318129572e-12,2.68160545112929e-12
1.66524223181438e-12,2.69017314992033e-12
1.66342067125102e-12,2.69879750713159e-12
1.66160854034367e-12,2.70747849408466e-12
1.65980588099877e-12,2.71621607925575e-12
1.65801273625876e-12,2.72501022810731e-12
1.65622915026759e-12,2.73386090292387e-12
1.6544551682343e-12,2.74276806265241e-12
1.6526908363948e-12,2.7517316627475e-12
1.65093620197171e-12,2.76075165502123e-12
1.64919131313254e-12,2.76982798749846e-12
1.6474562189462e-12,2.77896060427715e-12
1.64573096933781e-12,2.78814944539434e-12
1.64401561504197e-12,2.79739444669764e-12
1.64231020755462e-12,2.80669553972269e-12
1.64061479908335e-12,2.81605265157643e-12
1.63892944249647e-12,2.8254657048267e-12
1.63725419127073e-12,2.83493461739793e-12
1.63558909943785e-12,2.84445930247339e-12
1.63393422152992e-12,2.85403966840392e-12
1.63228961252373e-12,2.86367561862342e-12
1.63065532778405e-12,2.87336705157095e-12
1.62903142300616e-12,2.88311386062008e-12
1.62741795415729e-12,2.89291593401483e-12
1.62581497741749e-12,2.90277315481307e-12
1.62422254911975e-12,2.9126854008369e-12
1.62264072568948e-12,2.92265254463038e-12
1.62106956358346e-12,2.93267445342458e-12
1.61950911922838e-12,2.94275098911008e-12
1.61795944895886e-12,2.95288200821679e-12
