6.49417400029683e-13,1.30241713922008e-12
6.50151432684468e-13,1.30827782408036e-12
6.50890716940598e-13,1.31415772713721e-12
6.51635286047705e-13,1.32005686535412e-12
6.52385173413636e-13,1.32597525519884e-12
6.53140412598715e-13,1.33191291264172e-12
6.53901037309963e-13,1.33786985315414e-12
6.54667081395286e-13,1.34384609170726e-12
6.55438578837613e-13,1.3498416427709e-12
6.56215563749028e-13,1.35585652031268e-12
6.56998070364873e-13,1.36189073779733e-12
6.57786133037859e-13,1.36794430818625e-12
6.58579786232156e-13,1.37401724393717e-12
6.59379064517516e-13,1.38010955700414e-12
6.60184002563388e-13,1.38622125883761e-12
6.60994635133075e-13,1.39235236038475e-12
6.6181099707792e-13,1.39850287208993e-12
6.62633123331534e-13,1.4046728038954e-12
6.63461048904058e-13,1.41086216524213e-12
6.64294808876523e-13,1.41707096507083e-12
6.65134438395226e-13,1.42329921182314e-12
6.65979972666217e-13,1.42954691344296e-12
6.66831446949857e-13,1.43581407737795e-12
6.67688896555467e-13,1.44210071058117e-12
6.68552356836076e-13,1.44840681951286e-12
6.69421863183282e-13,1.45473241014236e-12
6.7029745102222e-13,1.46107748795015e-12
6.71179155806668e-13,1.46744205792999e-12
6.72067013014267e-13,1.4738261245912e-12
6.72961058141899e-13,1.48022969196103e-12
6.73861326701204e-13,1.48665276358707e-12
6.7476785421425e-13,1.49309534253989e-12
6.75680676209375e-13,1.49955743141554e-12
6.76599828217196e-13,1.50603903233829e-12
6.77525345766795e-13,1.51254014696335e-12
6.78457264382099e-13,1.51906077647966e-12
6.79395619578433e-13,1.52560092161263e-12
6.80340446859308e-13,1.53216058262707e-12
6.81291781713383e-13,1.53873975932995e-12
6.82249659611653e-13,1.54533845107326e-12
6.83214116004871e-13,1.55195665675684e-12
6.8418518632117e-13,1.55859437483118e-12
6.85162905963952e-13,1.5652516033002e-12
6.86147310309978e-13,1.57192833972394e-12
6.87138434707739e-13,1.57862458122124e-12
6.88136314476056e-13,1.58534032447231e-12
6.89140984902948e-13,1.59207556572123e-12
6.90152481244743e-13,1.59883030077833e-12
6.91170838725489e-13,1.60560452502251e-12
6.92196092536601e-13,1.61239823340335e-12
6.93228277836803e-13,1.61921142044315e-12
6.94267429752352e-13,1.62604408023879e-12
6.95313583377529e-13,1.63289620646342e-12
6.96366773775436e-13,1.63976779236795e-12
6.97427035979078e-13,1.64665883078241e-12
6.9849440499273e-13,1.65356931411699e-12
6.99568915793613e-13,1.66049923436297e-12
7.0065060333387e-13,1.66744858309333e-12
7.0173950254283e-13,1.67441735146315e-12
7.02835648329588e-13,1.6814055302097e-12
7.03939075585885e-13,1.68841310965229e-12
7.05049819189306e-13,1.69544007969182e-12
7.06167914006759e-13,1.70248642980997e-12
7.07293394898294e-13,1.70955214906811e-12
7.08426296721207e-13,1.71663722610585e-12
7.0956665433446e-13,1.72374164913926e-12
7.10714502603423e-13,1.73086540595866e-12
7.11869876404889e-13,1.7380084839261e-12
7.13032810632438e-13,1.74517086997239e-12
7.14203340202065e-13,1.75235255059373e-12
7.15381500058149e-13,1.75955351184792e-12
7.16567325179686e-13,1.76677373935016e-12
7.17760850586856e-13,1.7740132182683e-12
7.18962111347845e-13,1.78127193331771e-12
7.20171142586011e-13,1.78854986875569e-12
7.21387979487282e-13,1.79584700837529e-12
7.22612657307883e-13,1.80316333549867e-12
7.23845211382316e-13,1.81049883297e-12
7.25085677131632e-13,1.81785348314771e-12
7.26334090071964e-13,1.82522726789634e-12
7.27590485823321e-13,1.83262016857766e-12
7.28854900118656e-13,1.84003216604143e-12
7.30127368813166e-13,1.84746324061536e-12
7.31407927893858e-13,1.85491337209471e-12
7.32696613489337e-13,1.86238253973111e-12
7.33993461879837e-13,1.86987072222085e-12
7.35298509507462e-13,1.87737789769256e-12
7.36611792986663e-13,1.88490404369424e-12
7.379333491149e-13,1.89244913717968e-12
7.39263214883508e-13,1.90001315449419e-12
7.40601427488763e-13,1.90759607135973e-12
7.41948024343117e-13,1.91519786285941e-12
7.43303043086591e-13,1.92281850342117e-12
7.44666521598351e-13,1.930457966801e-12
7.46038498008409e-13,1.93811622606536e-12
7.47419010709476e-13,1.94579325357292e-12
7.48808098368926e-13,1.95348902095566e-12
7.50205799940889e-13,1.96120349909929e-12
7.51612154678423e-13,1.96893665812287e-12
7.53027202145805e-13,1.97668846735793e-12
7.54450982230869e-13,1.9844588953267e-12
7.55883535157416e-13,1.99224790971974e-12
7.57324901497687e-13,2.00005547737291e-12
7.58775122184848e-13,2.00788156424353e-12
7.6023423852551e-13,2.01572613538596e-12
7.61702292212263e-13,2.02358915492639e-12
7.63179325336179e-13,2.03147058603702e-12
7.64665380399321e-13,2.03937039090953e-12
7.66160500327188e-13,2.04728853072779e-12
7.67664728481126e-13,2.05522496564001e-12
7.69178108670664e-13,2.06317965473016e-12
7.70700685165757e-13,2.07115255598868e-12
7.72232502708945e-13,2.07914362628262e-12
7.73773606527382e-13,2.08715282132507e-12
7.75324042344729e-13,2.09518009564395e-12
7.76883856392908e-13,2.1032254025502e-12
7.78453095423684e-13,2.11128869410529e-12
7.8003180672005e-13,2.1193699210882e-12
7.81620038107435e-13,2.12746903296172e-12
7.83217837964664e-13,2.13558597783821e-12
7.84825255234705e-13,2.14372070244482e-12
7.86442339435138e-13,2.15187315208804e-12
7.88069140668375e-13,2.16004327061786e-12
7.89705709631572e-13,2.16823100039129e-12
7.91352097626233e-13,2.17643628223542e-12
7.930083565675e-13,2.18465905541001e-12
7.94674538993076e-13,2.19289925756959e-12
7.96350698071808e-13,2.20115682472509e-12
7.98036887611862e-13,2.20943169120511e-12
7.99733162068526e-13,2.21772378961673e-12
8.0143957655156e-13,2.22603305080595e-12
8.03156186832149e-13,2.23435940381781e-12
8.04883049349358e-13,2.24270277585617e-12
8.06620221216142e-13,2.2510630922431e-12
8.0836776022485e-13,2.25944027637817e-12
8.10125724852225e-13,2.26783424969728e-12
8.11894174263863e-13,2.27624493163146e-12
8.13673168318146e-13,2.28467223956537e-12
8.15462767569578e-13,2.29311608879564e-12
8.17263033271567e-13,2.30157639248914e-12
8.19074027378593e-13,2.31005306164113e-12
8.20895812547754e-13,2.31854600503331e-12
8.22728452139677e-13,2.32705512919189e-12
8.24572010218785e-13,2.33558033834568e-12
8.26426551552878e-13,2.34412153438413e-12
8.28292141612034e-13,2.35267861681555e-12
8.30168846566811e-13,2.36125148272543e-12
8.32056733285711e-13,2.36984002673485e-12
8.33955869331928e-13,2.37844414095915e-12
8.35866322959323e-13,2.38706371496684e-12
8.37788163107635e-13,2.39569863573869e-12
8.3972145939693e-13,2.40434878762729e-12
8.41666282121216e-13,2.41301405231683e-12
8.43622702241257e-13,2.42169430878335e-12
8.45590791376569e-13,2.43038943325543e-12
8.4757062179657e-13,2.43909929917535e-12
8.49562266410857e-13,2.44782377716081e-12
8.51565798758636e-13,2.45656273496719e-12
8.53581292997253e-13,2.46531603745051e-12
8.55608823889842e-13,2.47408354653096e-12
8.5764846679206e-13,2.48286512115724e-12
8.59700297637903e-13,2.49166061727164e-12
8.617643929246e-13,2.5004698877759e-12
8.63840829696557e-13,2.509292782498e-12
8.65929685528359e-13,2.51812914815979e-12
8.68031038506821e-13,2.52697882834569e-12
8.70144967212031e-13,2.53584166347226e-12
8.72271550697482e-13,2.54471749075897e-12
8.74410868469154e-13,2.55360614420001e-12
8.76563000463648e-13,2.5625074545373e-12
8.78728027025293e-13,2.57142124923468e-12
8.80906028882274e-13,2.58034735245344e-12
8.83097087121719e-13,2.58928558502906e-12
8.85301283163803e-13,2.59823576444945e-12
8.87518698734804e-13,2.60719770483455e-12
8.89749415839146e-13,2.61617121691737e-12
8.91993516730429e-13,2.62515610802667e-12
8.94251083881394e-13,2.63415218207106e-12
8.96522199952902e-13,2.64315923952498e-12
8.98806947761843e-13,2.65217707741608e-12
9.01105410248035e-13,2.66120548931453e-12
9.0341767044008e-13,2.67024426532412e-12
9.05743811420195e-13,2.67929319207506e-12
9.08083916288011e-13,2.68835205271883e-12
9.10438068123348e-13,2.69742062692494e-12
9.12806349947963e-13,2.70649869087956e-12
9.15188844686272e-13,2.71558601728642e-12
9.17585635125087e-13,2.72468237536962e-12
9.19996803872295e-13,2.73378753087866e-12
9.22422433314589e-13,2.7429012460957e-12
9.24862605574149e-13,2.75202327984498e-12
9.27317402464391e-13,2.76115338750466e-12
9.29786905444676e-13,2.77029132102087e-12
9.32271195574112e-13,2.77943682892424e-12
9.34770353464342e-13,2.78858965634883e-12
9.37284459231418e-13,2.79774954505357e-12
9.39813592446725e-13,2.80691623344619e-12
9.4235783208698e-13,2.81608945660974e-12
9.44917256483322e-13,2.82526894633174e-12
9.47491943269512e-13,2.83445443113599e-12
9.50081969329243e-13,2.84364563631704e-12
9.52687410742581e-13,2.85284228397741e-12
9.5530834273157e-13,2.86204409306766e-12
9.57944839604993e-13,2.87125077942915e-12
9.60596974702328e-13,2.88046205583978e-12
9.63264820336904e-13,2.88967763206255e-12
9.65948447738284e-13,2.89889721489704e-12
9.68647926993898e-13,2.90812050823391e-12
9.71363326989933e-13,2.9173472131123e-12
9.74094715351531e-13,2.92657702778035e-12
9.76842158382279e-13,2.93580964775869e-12
9.7960572100305e-13,2.94504476590707e-12
9.823854666902e-13,2.95428207249402e-12
9.85181457413155e-13,2.96352125526975e-12
9.87993753571401e-13,2.97276199954209e-12
9.90822413930933e-13,2.98200398825569e-12
9.93667495560144e-13,2.99124690207435e-12
9.96529053765241e-13,3.00049041946661e-12
9.99407142025155e-13,3.00973421679456e-12
1.00230181192603e-12,3.01897796840589e-12
1.00521311309528e-12,3.0282213467292e-12
1.00814109313528e-12,3.03746402237249e-12
1.01108579755669e-12,3.04670566422519e-12
1.01404726971145e-12,3.05594593956314e-12
1.01702555072552e-12,3.06518451415703e-12
1.02002067943138e-12,3.07442105238427e-12
1.02303269230021e-12,3.08365521734378e-12
1.02606162337403e-12,3.09288667097448e-12
1.02910750419761e-12,3.10211507417684e-12
1.03217036375027e-12,3.11134008693769e-12
1.03525022837764e-12,3.12056136845848e-12
1.03834712172337e-12,3.12977857728664e-12
1.0414610646608e-12,3.13899137145033e-12
1.0445920752248e-12,3.14819940859629e-12
1.04774016854349e-12,3.15740234613106e-12
1.0509053567703e-12,3.16659984136532e-12
1.05408764901601e-12,3.17579155166142e-12
1.05728705128108e-12,3.18497713458409e-12
1.06050356638824e-12,3.19415624805433e-12
1.06373719391528e-12,3.20332855050629e-12
1.06698793012823e-12,3.21249370104735e-12
1.0702557679149e-12,3.22165135962118e-12
1.07354069671882e-12,3.23080118717384e-12
1.0768427024736e-12,3.23994284582281e-12
1.08016176753786e-12,3.24907599902899e-12
1.08349787063063e-12,3.25820031177156e-12
1.08685098676734e-12,3.2673154507257e-12
1.09022108719651e-12,3.27642108444308e-12
1.09360813933698e-12,3.28551688353518e-12
1.097012106716e-12,3.29460252085909e-12
1.10043294890795e-12,3.30367767170625e-12
1.10387062147395e-12,3.31274201399345e-12
1.10732507590228e-12,3.32179522845658e-12
1.11079625954972e-12,3.33083699884675e-12
1.11428411558376e-12,3.33986701212871e-12
1.1177885829259e-12,3.34888495868175e-12
1.12130959619588e-12,3.35789053250274e-12
1.12484708565702e-12,3.36688343141135e-12
1.12840097716271e-12,3.37586335725741e-12
1.13197119210399e-12,3.38483001613024e-12
1.13555764735839e-12,3.39378311856997e-12
1.13916025524e-12,3.40272237978064e-12
1.14277892345084e-12,3.41164751984522e-12
1.14641355503355e-12,3.42055826394201e-12
1.15006404832552e-12,3.4294543425631e-12
1.15373029691434e-12,3.43833549173382e-12
1.15741218959483e-12,3.44720145323392e-12
1.16110961032751e-12,3.45605197481999e-12
1.16482243819864e-12,3.46488681044899e-12
1.16855054738189e-12,3.47370572050301e-12
1.17229380710157e-12,3.48250847201493e-12
1.17605208159764e-12,3.49129483889502e-12
1.17982523009235e-12,3.50006460215833e-12
1.18361310675869e-12,3.50881755015268e-12
1.18741556069062e-12,3.51755347878732e-12
1.19123243587515e-12,3.526272191762e-12
1.1950635711663e-12,3.53497350079625e-12
1.19890880026094e-12,3.54365722585904e-12
1.20276795167663e-12,3.55232319539844e-12
1.20664084873144e-12,3.56097124657127e-12
1.21052730952575e-12,3.56960122547253e-12
1.21442714692617e-12,3.57821298736467e-12
1.21834016855151e-12,3.58680639690631e-12
1.22226617676093e-12,3.5953813283805e-12
1.22620496864418e-12,3.60393766592231e-12
1.23015633601407e-12,3.61247530374558e-12
1.23412006540121e-12,3.62099414636876e-12
1.23809593805092e-12,3.62949410883962e-12
1.24208372992246e-12,3.63797511695886e-12
1.2460832116906e-12,3.64643710750222e-12
1.25009414874948e-12,3.65488002844128e-12
1.25411630121887e-12,3.66330383916252e-12
1.2581494239528e-12,3.67170851068457e-12
1.26219326655063e-12,3.68009402587371e-12
1.26624757337049e-12,3.68846037965718e-12
1.2703120835453e-12,3.69680757923435e-12
1.27438653100115e-12,3.70513564428556e-12
1.27847064447822e-12,3.71344460717844e-12
1.28256414755427e-12,3.72173451317165e-12
1.28666675867058e-12,3.73000542061585e-12
