3.22913074465597e-12,5.37170249463834e-12
3.23023642524728e-12,5.38451485100722e-12
3.23133315986757e-12,5.39731556765609e-12
3.23242090249526e-12,5.41010423083775e-12
3.23349960681232e-12,5.42288042369595e-12
3.23456922620316e-12,5.43564372625973e-12
3.2356297137536e-12,5.44839371543862e-12
3.23668102224994e-12,5.46112996501803e-12
3.23772310417797e-12,5.47385204565517e-12
3.23875591172218e-12,5.48655952487539e-12
3.23977939676489e-12,5.49925196706903e-12
3.24079351088554e-12,5.51192893348878e-12
3.24179820535997e-12,5.52458998224736e-12
3.24279343115984e-12,5.53723466831593e-12
3.24377913895199e-12,5.54986254352281e-12
3.24475527909799e-12,5.56247315655281e-12
3.24572180165368e-12,5.57506605294704e-12
3.24667865636884e-12,5.58764077510341e-12
3.24762579268679e-12,5.60019686227735e-12
3.24856315974426e-12,5.61273385058347e-12
3.24949070637116e-12,5.62525127299751e-12
3.25040838109051e-12,5.63774865935897e-12
3.25131613211839e-12,5.65022553637434e-12
3.25221390736405e-12,5.66268142762089e-12
3.25310165442998e-12,5.67511585355104e-12
3.25397932061218e-12,5.6875283314975e-12
3.25484685290035e-12,5.69991837567873e-12
3.25570419797834e-12,5.71228549720538e-12
3.25655130222459e-12,5.72462920408719e-12
3.25738811171258e-12,5.73694900124045e-12
3.25821457221152e-12,5.74924439049637e-12
3.25903062918701e-12,5.76151487060999e-12
3.25983622780182e-12,5.77375993726965e-12
3.26063131291674e-12,5.78597908310737e-12
3.26141582909159e-12,5.79817179770983e-12
3.2621897205862e-12,5.81033756763008e-12
3.26295293136155e-12,5.82247587639978e-12
3.26370540508105e-12,5.83458620454258e-12
3.26444708511178e-12,5.8466680295878e-12
3.26517791452594e-12,5.85872082608511e-12
3.26589783610239e-12,5.87074406561988e-12
3.26660679232814e-12,5.88273721682926e-12
3.26730472540016e-12,5.89469974541916e-12
3.26799157722712e-12,5.90663111418179e-12
3.26866728943126e-12,5.91853078301416e-12
3.26933180335044e-12,5.93039820893734e-12
3.26998506004017e-12,5.94223284611647e-12
3.27062700027583e-12,5.95403414588152e-12
3.27125756455497e-12,5.96580155674909e-12
3.27187669309971e-12,5.97753452444476e-12
3.27248432585917e-12,5.98923249192641e-12
3.2730804025122e-12,6.00089489940843e-12
3.27366486246996e-12,6.01252118438656e-12
3.27423764487882e-12,6.02411078166381e-12
3.27479868862324e-12,6.03566312337708e-12
3.27534793232883e-12,6.04717763902474e-12
3.27588531436543e-12,6.05865375549493e-12
3.27641077285043e-12,6.07009089709498e-12
3.27692424565207e-12,6.08148848558141e-12
3.27742567039291e-12,6.092845940191e-12
3.27791498445342e-12,6.10416267767274e-12
3.27839212497567e-12,6.11543811232059e-12
3.27885702886708e-12,6.12667165600721e-12
3.27930963280439e-12,6.1378627182185e-12
3.27974987323762e-12,6.14901070608921e-12
3.28017768639425e-12,6.16011502443921e-12
3.28059300828344e-12,6.171175075811e-12
3.2809957747004e-12,6.1821902605078e-12
3.28138592123082e-12,6.19315997663278e-12
3.28176338325553e-12,6.20408362012912e-12
3.28212809595514e-12,6.21496058482111e-12
3.28247999431487e-12,6.22579026245592e-12
3.28281901312948e-12,6.23657204274669e-12
3.2831450870083e-12,6.24730531341613e-12
3.28345815038042e-12,6.25798946024142e-12
3.28375813749991e-12,6.26862386709978e-12
3.28404498245125e-12,6.27920791601515e-12
3.2843186191548e-12,6.28974098720572e-12
3.28457898137247e-12,6.30022245913241e-12
3.28482600271336e-12,6.3106517085484e-12
3.28505961663965e-12,6.32102811054927e-12
3.28527975647262e-12,6.33135103862466e-12
3.28548635539861e-12,6.34161986471022e-12
3.28567934647528e-12,6.35183395924097e-12
3.28585866263789e-12,6.36199269120542e-12
3.28602423670571e-12,6.37209542820054e-12
3.28617600138856e-12,6.38214153648793e-12
3.28631388929343e-12,6.39213038105064e-12
3.28643783293126e-12,6.40206132565113e-12
3.28654776472376e-12,6.41193373288999e-12
3.28664361701042e-12,6.42174696426575e-12
3.28672532205562e-12,6.43150038023553e-12
3.28679281205573e-12,6.44119334027657e-12
3.28684601914652e-12,6.4508252029488e-12
3.28688487541053e-12,6.46039532595821e-12
3.2869093128846e-12,6.46990306622121e-12
3.2869192635675e-12,6.47934777992982e-12
3.28691465942764e-12,6.48872882261778e-12
3.28689543241096e-12,6.49804554922768e-12
3.28686151444889e-12,6.50729731417879e-12
3.28681283746633e-12,6.51648347143585e-12
3.2867493333899e-12,6.52560337457885e-12
3.28667093415611e-12,6.53465637687344e-12
3.28657757171982e-12,6.54364183134248e-12
3.28646917806265e-12,6.55255909083827e-12
3.28634568520152e-12,6.56140750811559e-12
3.28620702519737e-12,6.57018643590581e-12
3.28605313016388e-12,6.57889522699163e-12
3.28588393227637e-12,6.58753323428273e-12
3.28569936378069e-12,6.59609981089212e-12
3.28549935700233e-12,6.60459431021357e-12
3.28528384435552e-12,6.61301608599958e-12
3.28505275835249e-12,6.62136449244019e-12
3.28480603161276e-12,6.62963888424269e-12
3.28454359687259e-12,6.63783861671199e-12
3.28426538699443e-12,6.64596304583177e-12
3.28397133497658e-12,6.6540115283464e-12
3.28366137396276e-12,6.66198342184355e-12
3.28333543725195e-12,6.66987808483765e-12
3.28299345830817e-12,6.67769487685389e-12
3.28263537077044e-12,6.68543315851302e-12
3.28226110846272e-12,6.69309229161686e-12
3.28187060540403e-12,6.70067163923437e-12
3.28146379581858e-12,6.70817056578865e-12
3.28104061414595e-12,6.71558843714412e-12
3.28060099505143e-12,6.72292462069486e-12
3.28014487343638e-12,6.73017848545322e-12
3.27967218444863e-12,6.73734940213913e-12
3.27918286349297e-12,6.74443674327006e-12
3.27867684624175e-12,6.75143988325149e-12
3.27815406864545e-12,6.75835819846795e-12
3.27761446694343e-12,6.76519106737468e-12
3.2770579776746e-12,6.77193787058963e-12
3.27648453768823e-12,6.7785979909862e-12
3.27589408415489e-12,6.78517081378636e-12
3.27528655457721e-12,6.79165572665419e-12
3.27466188680094e-12,6.79805211979006e-12
3.27402001902592e-12,6.80435938602505e-12
3.27336088981715e-12,6.81057692091598e-12
3.27268443811584e-12,6.81670412284062e-12
3.2719906032506e-12,6.82274039309363e-12
3.27127932494854e-12,6.82868513598243e-12
3.27055054334658e-12,6.83453775892388e-12
3.2698041990026e-12,6.84029767254092e-12
3.26904023290681e-12,6.84596429075976e-12
3.26825858649297e-12,6.85153703090715e-12
3.2674592016498e-12,6.85701531380827e-12
3.26664202073233e-12,6.8623985638844e-12
3.26580698657324e-12,6.86768620925128e-12
3.26495404249432e-12,6.87287768181727e-12
3.26408313231787e-12,6.87797241738203e-12
3.26319420037817e-12,6.88296985573523e-12
3.26228719153289e-12,6.8878694407554e-12
3.2613620511746e-12,6.89267062050886e-12
3.2604187252422e-12,6.89737284734884e-12
3.25945716023246e-12,6.90197557801471e-12
3.25847730321147e-12,6.90647827373111e-12
3.25747910182607e-12,6.91088040030721e-12
3.25646250431544e-12,6.91518142823608e-12
3.25542745952251e-12,6.91938083279384e-12
3.25437391690541e-12,6.92347809413888e-12
3.25330182654901e-12,6.9274726974111e-12
3.25221113917628e-12,6.93136413283095e-12
3.25110180615978e-12,6.9351518957984e-12
3.24997377953306e-12,6.93883548699169e-12
3.24882701200202e-12,6.94241441246619e-12
3.24766145695632e-12,6.94588818375272e-12
3.24647706848073e-12,6.94925631795605e-12
3.24527380136639e-12,6.9525183378527e-12
3.24405161112214e-12,6.95567377198905e-12
3.24281045398576e-12,6.95872215477865e-12
3.24155028693518e-12,6.96166302659959e-12
3.24027106769962e-12,6.96449593389127e-12
3.23897275477074e-12,6.967220429251e-12
3.23765530741376e-12,6.96983607153027e-12
3.23631868567843e-12,6.97234242593035e-12
3.23496285041002e-12,6.97473906409767e-12
3.23358776326031e-12,6.97702556421865e-12
3.23219338669839e-12,6.97920151111421e-12
3.23077968402149e-12,6.98126649633342e-12
3.22934661936575e-12,6.98322011824704e-12
3.22789415771687e-12,6.98506198214014e-12
3.22642226492074e-12,6.98679170030435e-12
3.22493090769403e-12,6.98840889212942e-12
3.22342005363455e-12,6.98991318419409e-12
3.22188967123176e-12,6.9913042103565e-12
3.22033972987697e-12,6.99258161184341e-12
3.21877019987369e-12,6.99374503733945e-12
3.21718105244767e-12,6.99479414307492e-12
3.21557225975703e-12,6.99572859291322e-12
3.21394379490216e-12,6.99654805843735e-12
3.21229563193568e-12,6.99725221903557e-12
3.21062774587211e-12,6.99784076198624e-12
3.20894011269765e-12,6.99831338254187e-12
3.20723270937968e-12,6.99866978401202e-12
3.20550551387627e-12,6.99890967784552e-12
3.20375850514552e-12,6.99903278371161e-12
3.20199166315482e-12,6.99903882958009e-12
3.20020496889e-12,6.99892755180055e-12
3.19839840436434e-12,6.99869869518041e-12
3.19657195262749e-12,6.99835201306209e-12
3.19472559777425e-12,6.99788726739894e-12
3.19285932495319e-12,6.99730422883005e-12
3.19097312037526e-12,6.9966026767541e-12
3.18906697132214e-12,6.99578239940188e-12
3.18714086615453e-12,6.99484319390766e-12
3.18519479432027e-12,6.99378486637932e-12
3.18322874636242e-12,6.99260723196735e-12
3.18124271392699e-12,6.99131011493245e-12
3.17923668977079e-12,6.98989334871195e-12
3.17721066776896e-12,6.98835677598481e-12
3.17516464292232e-12,6.98670024873539e-12
3.17309861136485e-12,6.98492362831587e-12
3.17101257037059e-12,6.98302678550709e-12
3.16890651836077e-12,6.98100960057818e-12
3.16678045491057e-12,6.97887196334476e-12
3.16463438075581e-12,6.97661377322559e-12
3.16246829779942e-12,6.9742349392977e-12
3.16028220911777e-12,6.97173538035021e-12
3.15807611896688e-12,6.96911502493638e-12
3.15585003278841e-12,6.9663738114245e-12
3.15360395721543e-12,6.96351168804656e-12
3.15133790007822e-12,6.96052861294619e-12
3.14905187040956e-12,6.95742455422416e-12
3.14674587845023e-12,6.95419948998286e-12
3.14441993565402e-12,6.95085340836878e-12
3.14207405469271e-12,6.9473863076135e-12
3.13970824946086e-12,6.94379819607286e-12
3.13732253508037e-12,6.9400890922646e-12
3.13491692790487e-12,6.93625902490398e-12
3.13249144552394e-12,6.93230803293793e-12
3.13004610676713e-12,6.92823616557742e-12
3.12758093170778e-12,6.92404348232776e-12
3.12509594166665e-12,6.91973005301744e-12
3.12259115921534e-12,6.9152959578249e-12
3.12006660817957e-12,6.91074128730371e-12
3.11752231364217e-12,6.90606614240556e-12
3.11495830194595e-12,6.90127063450175e-12
3.11237460069634e-12,6.8963548854025e-12
3.1097712387638e-12,6.89131902737453e-12
3.10714824628606e-12,6.88616320315667e-12
3.10450565467015e-12,6.88088756597351e-12
3.1018434965942e-12,6.87549227954718e-12
3.09916180600907e-12,6.86997751810714e-12
3.0964606181397e-12,6.8643434663979e-12
3.09373996948632e-12,6.85859031968495e-12
3.09099989782543e-12,6.85271828375852e-12
3.08824044221055e-12,6.84672757493554e-12
3.08546164297275e-12,6.84061842005924e-12
3.08266354172096e-12,6.83439105649713e-12
3.07984618134212e-12,6.82804573213663e-12
3.07700960600105e-12,6.82158270537884e-12
3.0741538611401e-12,6.8150022451301e-12
3.07127899347862e-12,6.80830463079161e-12
3.06838505101218e-12,6.80149015224695e-12
3.06547208301165e-12,6.79455910984764e-12
3.06254014002182e-12,6.78751181439603e-12
3.05958927386016e-12,6.78034858712711e-12
3.05661953761502e-12,6.77306975968731e-12
3.0536309856438e-12,6.76567567411156e-12
3.05062367357089e-12,6.75816668279845e-12
3.04759765828522e-12,6.75054314848268e-12
3.0445529979378e-12,6.74280544420618e-12
3.04148975193894e-12,6.73495395328637e-12
3.03840798095518e-12,6.7269890692828e-12
3.03530774690614e-12,6.71891119596153e-12
3.03218911296096e-12,6.71072074725708e-12
3.02905214353471e-12,6.70241814723287e-12
3.02589690428442e-12,6.69400383003896e-12
3.02272346210499e-12,6.68547823986801e-12
3.01953188512482e-12,6.67684183090898e-12
3.01632224270116e-12,6.66809506729869e-12
3.0130946054154e-12,6.65923842307135e-12
3.00984904506796e-12,6.65027238210603e-12
3.00658563467306e-12,6.64119743807169e-12
3.00330444845324e-12,6.63201409437061e-12
3.0000055618336e-12,6.62272286407924e-12
2.99668905143594e-12,6.61332426988727e-12
2.99335499507257e-12,6.60381884403453e-12
2.99000347173993e-12,6.59420712824571e-12
2.98663456161197e-12,6.58448967366308e-12
2.98324834603338e-12,6.57466704077723e-12
2.97984490751255e-12,6.56473979935561e-12
2.97642432971424e-12,6.55470852836911e-12
2.97298669745221e-12,6.54457381591656e-12
2.9695320966814e-12,6.5343362591472e-12
2.96606061449017e-12,6.52399646418124e-12
2.96257233909204e-12,6.5135550460282e-12
2.95906735981746e-12,6.5030126285036e-12
2.95554576710516e-12,6.4923698441432e-12
2.9520076524935e-12,6.48162733411584e-12
2.94845310861135e-12,6.47078574813376e-12
2.94488222916913e-12,6.45984574436158e-12
2.94129510894918e-12,6.44880798932278e-12
2.93769184379634e-12,6.43767315780468e-12
2.93407253060808e-12,6.42644193276139e-12
2.93043726732451e-12,6.41511500521497e-12
2.92678615291823e-12,6.40369307415467e-12
2.92311928738387e-12,6.39217684643435e-12
2.91943677172748e-12,6.3805670366681e-12
