1.88740713618829e-12,2.55616843263848e-12
1.88742241971719e-12,2.5632495039762e-12
1.88743429942426e-12,2.57034140109821e-12
1.88744277351164e-12,2.57744407072069e-12
1.88744784014767e-12,2.58455745890283e-12
1.88744949746657e-12,2.59168151104217e-12
1.88744774356827e-12,2.59881617187009e-12
1.88744257651819e-12,2.60596138544719e-12
1.88743399434695e-12,2.61311709515865e-12
1.88742199505019e-12,2.62028324370959e-12
1.88740657658825e-12,2.6274597731204e-12
1.88738773688597e-12,2.63464662472211e-12
1.88736547383237e-12,2.64184373915158e-12
1.88733978528044e-12,2.64905105634691e-12
1.8873106690468e-12,2.65626851554263e-12
1.88727812291145e-12,2.663496055265e-12
1.88724214461746e-12,2.6707336133272e-12
1.8872027318707e-12,2.67798112682465e-12
1.88715988233951e-12,2.68523853213015e-12
1.88711359365439e-12,2.69250576488914e-12
1.88706386340772e-12,2.69978276001489e-12
1.88701068915338e-12,2.70706945168367e-12
1.88695406840649e-12,2.71436577333003e-12
1.88689399864306e-12,2.72167165764186e-12
1.88683047729961e-12,2.7289870365557e-12
1.88676350177291e-12,2.73631184125182e-12
1.88669306941957e-12,2.74364600214946e-12
1.88661917755575e-12,2.75098944890199e-12
1.88654182345675e-12,2.75834211039207e-12
1.8864610043567e-12,2.7657039147269e-12
1.8863767174482e-12,2.77307478923328e-12
1.88628895988192e-12,2.78045466045296e-12
1.88619772876631e-12,2.78784345413772e-12
1.88610302116713e-12,2.79524109524459e-12
1.88600483410718e-12,2.80264750793111e-12
1.88590316456591e-12,2.81006261555053e-12
1.88579800947896e-12,2.817486340647e-12
1.88568936573791e-12,2.82491860495088e-12
1.88557723018981e-12,2.83235932937394e-12
1.88546159963686e-12,2.83980843400468e-12
1.88534247083599e-12,2.8472658381036e-12
1.88521984049852e-12,2.85473146009848e-12
1.88509370528974e-12,2.86220521757976e-12
1.88496406182856e-12,2.8696870272958e-12
1.8848309066871e-12,2.87717680514833e-12
1.88469423639035e-12,2.88467446618778e-12
1.88455404741576e-12,2.89217992460872e-12
1.88441033619284e-12,2.89969309374525e-12
1.88426309910286e-12,2.9072138860665e-12
1.88411233247838e-12,2.91474221317213e-12
1.88395803260293e-12,2.92227798578774e-12
1.88380019571061e-12,2.92982111376058e-12
1.88363881798575e-12,2.93737150605496e-12
1.88347389556249e-12,2.94492907074793e-12
1.88330542452445e-12,2.95249371502492e-12
1.88313340090436e-12,2.96006534517543e-12
1.88295782068369e-12,2.96764386658866e-12
1.88277867979226e-12,2.9752291837493e-12
1.88259597410794e-12,2.98282120023331e-12
1.88240969945628e-12,2.99041981870375e-12
1.88221985161012e-12,2.99802494090657e-12
1.8820264262893e-12,3.00563646766661e-12
1.88182941916029e-12,3.01325429888343e-12
1.88162882583584e-12,3.02087833352735e-12
1.88142464187469e-12,3.02850846963548e-12
1.8812168627812e-12,3.03614460430774e-12
1.88100548400506e-12,3.04378663370301e-12
1.88079050094096e-12,3.05143445303529e-12
1.88057190892827e-12,3.05908795656988e-12
1.88034970325075e-12,3.06674703761963e-12
1.88012387913625e-12,3.07441158854132e-12
1.8798944317564e-12,3.08208150073188e-12
1.87966135622635e-12,3.08975666462492e-12
1.87942464760447e-12,3.09743696968709e-12
1.87918430089209e-12,3.10512230441464e-12
1.87894031103322e-12,3.11281255632996e-12
1.87869267291429e-12,3.12050761197819e-12
1.87844138136393e-12,3.1282073569239e-12
1.87818643115268e-12,3.13591167574778e-12
1.8779278169928e-12,3.14362045204347e-12
1.877665533538e-12,3.15133356841431e-12
1.87739957538325e-12,3.15905090647034e-12
1.87712993706456e-12,3.16677234682512e-12
1.87685661305874e-12,3.17449776909283e-12
1.8765795977833e-12,3.18222705188529e-12
1.87629888559615e-12,3.1899600728091e-12
1.8760144707955e-12,3.19769670846277e-12
1.87572634761965e-12,3.20543683443402e-12
1.87543451024686e-12,3.21318032529705e-12
1.87513895279519e-12,3.22092705460985e-12
1.87483966932235e-12,3.22867689491174e-12
1.87453665382558e-12,3.23642971772069e-12
1.87422990024151e-12,3.24418539353096e-12
1.87391940244607e-12,3.2519437918107e-12
1.87360515425439e-12,3.25970478099952e-12
1.87328714942068e-12,3.26746822850633e-12
1.87296538163817e-12,3.27523400070701e-12
1.87263984453903e-12,3.2830019629423e-12
1.87231053169431e-12,3.2907719795157e-12
1.87197743661389e-12,3.29854391369142e-12
1.87164055274643e-12,3.30631762769242e-12
1.87129987347935e-12,3.31409298269844e-12
1.87095539213878e-12,3.3218698388442e-12
1.8706071019896e-12,3.32964805521755e-12
1.87025499623538e-12,3.33742748985779e-12
1.86989906801844e-12,3.34520799975389e-12
1.86953931041982e-12,3.35298944084296e-12
1.86917571645937e-12,3.36077166800863e-12
1.86880827909574e-12,3.36855453507958e-12
1.86843699122644e-12,3.37633789482803e-12
1.86806184568792e-12,3.38412159896841e-12
1.86768283525565e-12,3.39190549815596e-12
1.86729995264413e-12,3.39968944198548e-12
1.86691319050708e-12,3.40747327899009e-12
1.86652254143749e-12,3.41525685664008e-12
1.86612799796772e-12,3.4230400213417e-12
1.86572955256966e-12,3.4308226184362e-12
1.86532719765482e-12,3.43860449219872e-12
1.86492092557453e-12,3.44638548583738e-12
1.86451072862001e-12,3.45416544149227e-12
1.86409659902264e-12,3.46194420023471e-12
1.863678528954e-12,3.46972160206629e-12
1.86325651052619e-12,3.47749748591815e-12
1.86283053579189e-12,3.48527168965027e-12
1.86240059674466e-12,3.49304405005069e-12
1.86196668531911e-12,3.50081440283497e-12
1.8615287933911e-12,3.50858258264548e-12
1.861086912778e-12,3.5163484230509e-12
1.8606410352389e-12,3.52411175654564e-12
1.86019115247487e-12,3.53187241454939e-12
1.85973725612921e-12,3.53963022740663e-12
1.8592793377877e-12,3.5473850243862e-12
1.85881738897889e-12,3.55513663368096e-12
1.85835140117434e-12,3.56288488240736e-12
1.85788136578896e-12,3.57062959660517e-12
1.85740727418124e-12,3.57837060123713e-12
1.8569291176536e-12,3.58610772018872e-12
1.85644688745266e-12,3.59384077626786e-12
1.85596057476958e-12,3.60156959120474e-12
1.85547017074035e-12,3.60929398565154e-12
1.85497566644617e-12,3.61701377918232e-12
1.85447705291369e-12,3.62472879029281e-12
1.85397432111545e-12,3.63243883640021e-12
1.85346746197017e-12,3.6401437338432e-12
1.85295646634308e-12,3.64784329788164e-12
1.85244132504633e-12,3.65553734269653e-12
1.85192202883928e-12,3.66322568138992e-12
1.85139856842897e-12,3.67090812598483e-12
1.85087093447034e-12,3.67858448742502e-12
1.85033911756673e-12,3.68625457557505e-12
1.84980310827019e-12,3.69391819922008e-12
1.84926289708188e-12,3.70157516606583e-12
1.84871847445244e-12,3.70922528273849e-12
1.84816983078239e-12,3.71686835478452e-12
1.8476169564225e-12,3.72450418667065e-12
1.84705984167419e-12,3.73213258178367e-12
1.84649847678991e-12,3.73975334243037e-12
1.84593285197355e-12,3.74736626983729e-12
1.84536295738082e-12,3.75497116415064e-12
1.84478878311964e-12,3.76256782443607e-12
1.84421031925055e-12,3.77015604867845e-12
1.84362755578709e-12,3.77773563378172e-12
1.8430404826962e-12,3.78530637556846e-12
1.84244908989863e-12,3.79286806877982e-12
1.84185336726931e-12,3.80042050707505e-12
1.84125330463773e-12,3.80796348303121e-12
1.84064889178837e-12,3.81549678814275e-12
1.84004011846108e-12,3.8230202128212e-12
1.83942697435143e-12,3.83053354639457e-12
1.83880944911113e-12,3.83803657710693e-12
1.8381875323484e-12,3.8455290921179e-12
1.83756121362833e-12,3.85301087750197e-12
1.83693048247329e-12,3.86048171824795e-12
1.83629532836324e-12,3.86794139825825e-12
1.8356557407362e-12,3.87538970034819e-12
1.83501170898845e-12,3.88282640624509e-12
1.83436322247504e-12,3.89025129658763e-12
1.83371027051006e-12,3.89766415092471e-12
1.83305284236697e-12,3.90506474771472e-12
1.83239092727899e-12,3.91245286432429e-12
1.8317245144394e-12,3.91982827702743e-12
1.83105359300184e-12,3.9271907610042e-12
1.83037815208067e-12,3.93454009033954e-12
1.82969818075125e-12,3.94187603802204e-12
1.82901366805026e-12,3.94919837594246e-12
1.82832460297595e-12,3.95650687489242e-12
1.82763097448846e-12,3.96380130456279e-12
1.8269327715101e-12,3.97108143354214e-12
1.82622998292556e-12,3.97834702931508e-12
1.82552259758221e-12,3.98559785826047e-12
1.82481060429035e-12,3.99283368564965e-12
1.82409399182341e-12,4.00005427564447e-12
1.82337274891816e-12,4.00725939129532e-12
1.82264686427499e-12,4.01444879453902e-12
1.82191632655803e-12,4.02162224619668e-12
1.82118112439538e-12,4.0287795059714e-12
1.82044124637929e-12,4.03592033244594e-12
1.81969668106629e-12,4.04304448308026e-12
1.81894741697735e-12,4.05015171420897e-12
1.81819344259807e-12,4.05724178103873e-12
1.81743474637872e-12,4.06431443764549e-12
1.81667131673438e-12,4.07136943697168e-12
1.81590314204508e-12,4.07840653082328e-12
1.81513021065582e-12,4.08542546986679e-12
1.81435251087667e-12,4.09242600362615e-12
1.81357003098282e-12,4.09940788047949e-12
1.81278275921461e-12,4.10637084765577e-12
1.81199068377756e-12,4.11331465123152e-12
1.81119379284237e-12,4.12023903612713e-12
1.81039207454493e-12,4.12714374610332e-12
1.80958551698626e-12,4.13402852375749e-12
1.8087741082325e-12,4.14089311051974e-12
1.80795783631487e-12,4.14773724664911e-12
1.80713668922955e-12,4.15456067122946e-12
1.80631065493762e-12,4.16136312216537e-12
1.80547972136496e-12,4.16814433617793e-12
1.80464387640211e-12,4.17490404880044e-12
1.80380310790416e-12,4.18164199437394e-12
1.80295740369054e-12,4.18835790604269e-12
1.80210675154492e-12,4.19505151574963e-12
1.80125113921497e-12,4.20172255423158e-12
1.80039055441213e-12,4.20837075101444e-12
1.79952498481148e-12,4.21499583440835e-12
1.7986544180514e-12,4.22159753150264e-12
1.79777884173334e-12,4.22817556816072e-12
1.79689824342159e-12,4.23472966901495e-12
1.79601261064293e-12,4.24125955746136e-12
1.79512193088633e-12,4.24776495565424e-12
1.79422619160261e-12,4.25424558450076e-12
1.79332538020414e-12,4.26070116365542e-12
1.79241948406445e-12,4.26713141151446e-12
1.79150849051779e-12,4.27353604521007e-12
1.79059238685886e-12,4.27991478060482e-12
1.78967116034227e-12,4.28626733228565e-12
1.78874479818217e-12,4.29259341355804e-12
1.78781328755179e-12,4.29889273644004e-12
1.78687661558296e-12,4.30516501165614e-12
1.78593476936565e-12,4.31140994863129e-12
1.78498773594744e-12,4.31762725548467e-12
1.78403550233303e-12,4.32381663902346e-12
1.78307805548372e-12,4.32997780473656e-12
1.78211538231679e-12,4.33611045678834e-12
1.78114746970503e-12,4.34221429801222e-12
1.7801743044761e-12,4.34828902990427e-12
1.77919587341195e-12,4.35433435261675e-12
1.77821216324823e-12,4.36034996495171e-12
1.77722316067362e-12,4.36633556435438e-12
1.77622885232924e-12,4.37229084690679e-12
1.77522922480798e-12,4.37821550732106e-12
1.77422426465383e-12,4.38410923893303e-12
1.77321395836121e-12,4.38997173369554e-12
1.77219829237426e-12,4.39580268217196e-12
1.77117725308617e-12,4.4016017735296e-12
1.77015082683843e-12,4.40736869553319e-12
1.76911899992011e-12,4.41310313453827e-12
1.76808175856713e-12,4.41880477548477e-12
1.76703908896154e-12,4.42447330189046e-12
1.76599097723068e-12,4.4301083958445e-12
1.76493740944651e-12,4.43570973800108e-12
1.76387837162475e-12,4.44127700757297e-12
1.76281384972415e-12,4.44680988232526e-12
1.76174382964566e-12,4.45230803856909e-12
1.76066829723164e-12,4.45777115115543e-12
1.7595872382651e-12,4.46319889346907e-12
1.75850063846877e-12,4.46859093742242e-12
1.7574084835044e-12,4.47394695344973e-12
1.7563107589719e-12,4.47926661050118e-12
1.75520745040848e-12,4.48454957603711e-12
1.75409854328783e-12,4.48979551602242e-12
1.75298402301931e-12,4.49500409492109e-12
1.75186387494712e-12,4.50017497569081e-12
1.75073808434943e-12,4.50530781977772e-12
1.74960663643755e-12,4.51040228711129e-12
1.74846951635511e-12,4.51545803609943e-12
1.74732670917721e-12,4.52047472362377e-12
1.7461781999096e-12,4.525452005035e-12
1.74502397348787e-12,4.53038953414852e-12
1.74386401477654e-12,4.53528696324016e-12
1.74269830856837e-12,4.54014394304226e-12
1.74152683958338e-12,4.54496012273978e-12
1.74034959246823e-12,4.54973514996686e-12
1.73916655179525e-12,4.55446867080336e-12
1.73797770206174e-12,4.55916032977181e-12
1.73678302768917e-12,4.56380976983463e-12
1.7355825130224e-12,4.56841663239148e-12
1.7343761423289e-12,4.572980557277e-12
1.73316389979805e-12,4.57750118275884e-12
1.73194576954034e-12,4.58197814553584e-12
1.73072173558671e-12,4.58641108073676e-12
1.72949178188779e-12,4.59079962191913e-12
1.72825589231324e-12,4.59514340106848e-12
1.72701405065111e-12,4.59944204859796e-12
1.72576624060709e-12,4.60369519334834e-12
1.724512445804e-12,4.60790246258827e-12
1.72325264978108e-12,4.61206348201492e-12
1.72198683599345e-12,4.61617787575524e-12
1.72071498781154e-12,4.62024526636721e-12
1.71943708852052e-12,4.62426527484198e-12
1.71815312131981e-12,4.62823752060601e-12
1.71686306932263e-12,4.63216162152399e-12
