2.31547006425679e-12,2.47938024259498e-12
2.31078337219811e-12,2.47625583854416e-12
2.30610723208931e-12,2.47324622155179e-12
2.30144233274732e-12,2.47035157580511e-12
2.29678934342431e-12,2.46757204453221e-12
2.29214891384053e-12,2.46490773081862e-12
2.28752167423163e-12,2.46235869844193e-12
2.28290823541006e-12,2.45992497272326e-12
2.27830918884043e-12,2.45760654139466e-12
2.27372510672846e-12,2.45540335548141e-12
2.26915654212334e-12,2.45331533019818e-12
2.26460402903316e-12,2.45134234585814e-12
2.26006808255308e-12,2.44948424879376e-12
2.2555491990061e-12,2.44774085228859e-12
2.25104785609592e-12,2.44611193751873e-12
2.24656451307172e-12,2.44459725450308e-12
2.24209961090447e-12,2.44319652306137e-12
2.23765357247446e-12,2.44190943377891e-12
2.23322680276967e-12,2.44073564897696e-12
2.2288196890947e-12,2.4396748036879e-12
2.2244326012899e-12,2.43872650663403e-12
2.22006589196026e-12,2.43789034120899e-12
2.21571989671377e-12,2.437165866461e-12
2.21139493440891e-12,2.43655261807662e-12
2.20709130741078e-12,2.43605010936433e-12
2.20280930185567e-12,2.43565783223691e-12
2.19854918792346e-12,2.43537525819141e-12
2.1943112201177e-12,2.43520183928622e-12
2.19009563755283e-12,2.43513700911384e-12
2.18590266424816e-12,2.43518018376875e-12
2.18173250942837e-12,2.43533076280943e-12
2.17758536782987e-12,2.43558813021341e-12
2.17346142001289e-12,2.43595165532482e-12
2.16936083267877e-12,2.43642069379338e-12
2.16528375899203e-12,2.43699458850398e-12
2.16123033890694e-12,2.4376726704962e-12
2.15720069949806e-12,2.4384542598727e-12
2.15319495529445e-12,2.43933866669611e-12
2.14921320861716e-12,2.44032519187313e-12
2.14525554991955e-12,2.44141312802568e-12
2.14132205813001e-12,2.44260176034789e-12
2.13741280099692e-12,2.44389036744859e-12
2.13352783543513e-12,2.44527822217842e-12
2.12966720787391e-12,2.44676459244108e-12
2.12583095460569e-12,2.44834874198794e-12
2.12201910213551e-12,2.45002993119556e-12
2.11823166753054e-12,2.45180741782546e-12
2.11446865876951e-12,2.45368045776564e-12
2.11073007509156e-12,2.45564830575337e-12
2.10701590734427e-12,2.45771021607861e-12
2.10332613833034e-12,2.45986544326784e-12
2.09966074315283e-12,2.46211324274764e-12
2.09601968955838e-12,2.46445287148775e-12
2.09240293827823e-12,2.46688358862314e-12
2.08881044336667e-12,2.46940465605486e-12
2.08524215253661e-12,2.47201533902922e-12
2.08169800749191e-12,2.47471490669502e-12
2.07817794425625e-12,2.47750263263873e-12
2.07468189349826e-12,2.48037779539711e-12
2.07120978085245e-12,2.48333967894727e-12
2.0677615272359e-12,2.4863875731739e-12
2.06433704916026e-12,2.48952077431361e-12
2.06093625903892e-12,2.49273858537601e-12
2.05755906548901e-12,2.49604031654185e-12
2.05420537362801e-12,2.49942528553764e-12
2.05087508536483e-12,2.50289281798718e-12
2.04756809968495e-12,2.50644224773972e-12
2.04428431292964e-12,2.51007291717475e-12
2.04102361906881e-12,2.5137841774837e-12
2.03778590996752e-12,2.51757538892824e-12
2.03457107564579e-12,2.52144592107576e-12
2.03137900453169e-12,2.52539515301164e-12
2.02820958370739e-12,2.52942247352886e-12
2.02506269914814e-12,2.53352728129487e-12
2.02193823595401e-12,2.53770898499612e-12
2.01883607857417e-12,2.54196700346029e-12
2.01575611102378e-12,2.54630076575655e-12
2.01269821709313e-12,2.55070971127417e-12
2.00966228054913e-12,2.5551932897797e-12
2.006648185329e-12,2.55975096145305e-12
2.00365581572601e-12,2.5643821969028e-12
2.00068505656733e-12,2.56908647716127e-12
1.99773579338378e-12,2.57386329365934e-12
1.99480791257161e-12,2.5787121481819e-12
1.99190130154613e-12,2.58363255280401e-12
1.98901584888714e-12,2.58862402980836e-12
1.98615144447633e-12,2.59368611158437e-12
1.98330797962649e-12,2.59881834050967e-12
1.98048534720247e-12,2.60402026881412e-12
1.9776834417342e-12,2.60929145842709e-12
1.97490215952135e-12,2.61463148080846e-12
1.97214139873015e-12,2.62003991676397e-12
1.96940105948196e-12,2.62551635624524e-12
1.96668104393401e-12,2.63106039813539e-12
1.96398125635213e-12,2.63667165002047e-12
1.96130160317563e-12,2.64234972794753e-12
1.95864199307445e-12,2.64809425616987e-12
1.95600233699855e-12,2.65390486688002e-12
1.95338254821976e-12,2.65978119993119e-12
1.95078254236615e-12,2.66572290254768e-12
1.94820223744898e-12,2.67172962902503e-12
1.94564155388242e-12,2.67780104042044e-12
1.94310041449619e-12,2.6839368042341e-12
1.9405787445411e-12,2.69013659408225e-12
1.93807647168788e-12,2.6964000893624e-12
1.93559352601923e-12,2.70272697491151e-12
1.93312984001536e-12,2.70911694065777e-12
1.93068534853318e-12,2.71556968126665e-12
1.92825998877922e-12,2.72208489578179e-12
1.92585370027662e-12,2.72866228726155e-12
1.9234664248262e-12,2.73530156241173e-12
1.92109810646192e-12,2.74200243121526e-12
1.91874869140085e-12,2.74876460655935e-12
1.91641812798789e-12,2.75558780386098e-12
1.91410636663539e-12,2.76247174069108e-12
1.91181335975799e-12,2.76941613639835e-12
1.90953906170271e-12,2.77642071173316e-12
1.9072834286747e-12,2.78348518847218e-12
1.90504641865868e-12,2.79060928904449e-12
1.90282799133648e-12,2.79779273615958e-12
1.90062810800072e-12,2.80503525243805e-12
1.89844673146498e-12,2.81233656004544e-12
1.89628382597062e-12,2.81969638032989e-12
1.89413935709059e-12,2.8271144334642e-12
1.89201329163024e-12,2.83459043809264e-12
1.88990559752561e-12,2.84212411098344e-12
1.88781624373928e-12,2.84971516668715e-12
1.88574520015404e-12,2.85736331720156e-12
1.88369243746465e-12,2.86506827164366e-12
1.88165792706792e-12,2.87282973592909e-12
1.87964164095126e-12,2.88064741245968e-12
1.87764355158005e-12,2.8885209998193e-12
1.87566363178401e-12,2.8964501924788e-12
1.87370185464277e-12,2.90443468051012e-12
1.87175819337091e-12,2.91247414931025e-12
1.86983262120269e-12,2.92056827933527e-12
1.8679251112767e-12,2.92871674584495e-12
1.86603563652058e-12,2.93691921865813e-12
1.8641641695362e-12,2.94517536191943e-12
1.86231068248532e-12,2.95348483387732e-12
1.86047514697606e-12,2.96184728667416e-12
1.85865753395036e-12,2.97026236614823e-12
1.85685781357269e-12,2.97872971164815e-12
1.85507595512008e-12,2.9872489558599e-12
1.85331192687381e-12,2.9958197246466e-12
1.85156569601288e-12,3.00444163690136e-12
1.84983722850947e-12,3.01311430441322e-12
1.84812648902658e-12,3.02183733174654e-12
1.84643344081798e-12,3.03061031613372e-12
1.84475804563079e-12,3.03943284738159e-12
1.84310026361062e-12,3.04830450779147e-12
1.84146005320963e-12,3.05722487209292e-12
1.8398373710977e-12,3.06619350739133e-12
1.8382321720766e-12,3.0752099731293e-12
1.83664440899758e-12,3.08427382106182e-12
1.83507403268243e-12,3.09338459524542e-12
1.83352099184806e-12,3.10254183204083e-12
1.83198523303484e-12,3.11174506012965e-12
1.83046670053877e-12,3.1209938005445e-12
1.82896533634759e-12,3.13028756671282e-12
1.82748108008096e-12,3.13962586451404e-12
1.82601386893476e-12,3.14900819235014e-12
1.82456363762967e-12,3.15843404122937e-12
1.82313031836408e-12,3.16790289486292e-12
1.82171384077137e-12,3.1774142297744e-12
1.82031413188174e-12,3.18696751542205e-12
1.81893111608849e-12,3.19656221433304e-12
1.817564715119e-12,3.20619778225027e-12
1.81621484801024e-12,3.2158736682907e-12
1.81488143108912e-12,3.22558931511559e-12
1.81356437795737e-12,3.23534415911175e-12
1.81226359948133e-12,3.24513763058404e-12
1.81097900378646e-12,3.25496915395842e-12
1.80971049625655e-12,3.26483814799537e-12
1.8084579795378e-12,3.27474402601337e-12
1.80722135354767e-12,3.28468619612189e-12
1.80600051548841e-12,3.29466406146378e-12
1.80479535986544e-12,3.3046770204664e-12
1.80360577851042e-12,3.3147244671014e-12
1.80243166060893e-12,3.32480579115234e-12
1.80127289273295e-12,3.33492037849014e-12
1.8001293588778e-12,3.34506761135569e-12
1.79900094050366e-12,3.35524686864918e-12
1.79788751658172e-12,3.3654575262259e-12
1.7967889636445e-12,3.37569895719772e-12
1.79570515584074e-12,3.38597053224025e-12
1.79463596499444e-12,3.39627161990465e-12
1.79358126066812e-12,3.4066015869342e-12
1.79254091023018e-12,3.41695979858471e-12
1.79151477892622e-12,3.42734561894848e-12
1.79050272995427e-12,3.43775841128135e-12
1.7895046245438e-12,3.44819753833227e-12
1.7885203220384e-12,3.45866236267489e-12
1.78754967998198e-12,3.46915224704082e-12
1.78659255420843e-12,3.47966655465394e-12
1.7856487989345e-12,3.49020464956518e-12
1.78471826685595e-12,3.50076589698767e-12
1.78380080924656e-12,3.51134966363124e-12
1.78289627606019e-12,3.52195531803622e-12
1.78200451603539e-12,3.53258223090577e-12
1.78112537680276e-12,3.54322977543661e-12
1.78025870499452e-12,3.55389732764708e-12
1.7794043463566e-12,3.56458426670282e-12
1.77856214586257e-12,3.57528997523894e-12
1.77773194782971e-12,3.58601383967865e-12
1.77691359603671e-12,3.59675525054767e-12
1.77610693384305e-12,3.60751360278412e-12
1.77531180430983e-12,3.61828829604336e-12
1.77452805032173e-12,3.62907873499739e-12
1.77375551471018e-12,3.63988432962844e-12
1.77299404037741e-12,3.65070449551622e-12
1.77224347042116e-12,3.66153865411862e-12
1.77150364826001e-12,3.67238623304526e-12
1.77077441775906e-12,3.68324666632377e-12
1.77005562335578e-12,3.69411939465811e-12
1.76934711018588e-12,3.70500386567898e-12
1.76864872420907e-12,3.71589953418574e-12
1.76796031233432e-12,3.72680586237926e-12
1.76728172254481e-12,3.73772232008631e-12
1.76661280402195e-12,3.74864838497387e-12
1.76595340726869e-12,3.75958354275439e-12
1.76530338423167e-12,3.77052728738079e-12
1.76466258842225e-12,3.78147912123145e-12
1.76403087503593e-12,3.79243855528479e-12
1.76340810107045e-12,3.80340510928321e-12
1.76279412544197e-12,3.81437831188634e-12
1.76218880909943e-12,3.82535770081325e-12
1.76159201513677e-12,3.83634282297346e-12
1.76100360890299e-12,3.8473332345868e-12
1.76042345810978e-12,3.85832850129176e-12
1.75985143293666e-12,3.86932819824233e-12
1.75928740613333e-12,3.8803319101932e-12
1.75873125311931e-12,3.89133923157332e-12
1.75818285208053e-12,3.90234976654766e-12
1.75764208406277e-12,3.91336312906709e-12
1.75710883306198e-12,3.9243789429066e-12
1.75658298611104e-12,3.9353968416915e-12
1.75606443336323e-12,3.94641646891203e-12
1.75555306817188e-12,3.95743747792585e-12
1.75504878716641e-12,3.9684595319491e-12
1.75455149032447e-12,3.97948230403557e-12
1.75406108104014e-12,3.99050547704441e-12
1.75357746618811e-12,4.00152874359616e-12
1.75310055618369e-12,4.01255180601757e-12
1.75263026503853e-12,4.02357437627501e-12
1.75216651041222e-12,4.03459617589694e-12
1.75170921365926e-12,4.04561693588522e-12
1.75125829987176e-12,4.05663639661582e-12
1.75081369791753e-12,4.06765430772891e-12
1.75037534047363e-12,4.07867042800859e-12
1.74994316405524e-12,4.08968452525246e-12
1.74951710903996e-12,4.10069637613137e-12
1.74909711968728e-12,4.11170576603943e-12
1.74868314415337e-12,4.12271248893477e-12
1.74827513450112e-12,4.13371634717113e-12
1.74787304670532e-12,4.14471715132074e-12
1.74747684065309e-12,4.15571471998854e-12
1.74708648013953e-12,4.16670887961859e-12
1.74670193285849e-12,4.17769946429223e-12
1.74632317038858e-12,4.18868631551905e-12
1.7459501681744e-12,4.19966928202062e-12
1.745582905503e-12,4.21064821950749e-12
1.74522136547552e-12,4.22162299044964e-12
1.74486553497433e-12,4.23259346384121e-12
1.74451540462522e-12,4.24355951495922e-12
1.74417096875522e-12,4.25452102511743e-12
1.74383222534565e-12,4.26547788141502e-12
1.74349917598082e-12,4.27642997648114e-12
1.74317182579214e-12,4.28737720821526e-12
1.74285018339793e-12,4.29831947952395e-12
1.74253426083894e-12,4.30925669805464e-12
1.74222407350955e-12,4.32018877592639e-12
1.74191964008492e-12,4.3311156294586e-12
1.74162098244409e-12,4.34203717889771e-12
1.74132812558908e-12,4.35295334814241e-12
1.74104109756018e-12,4.36386406446793e-12
1.74075992934752e-12,4.37476925824981e-12
1.74048465479896e-12,4.38566886268731e-12
1.7402153105246e-12,4.39656281352738e-12
1.73995193579769e-12,4.40745104878907e-12
1.73969457245257e-12,4.41833350848949e-12
1.73944326477924e-12,4.42921013437083e-12
1.73919805941507e-12,4.44008086962984e-12
1.73895900523363e-12,4.45094565864947e-12
1.73872615323086e-12,4.46180444673349e-12
1.73849955640857e-12,4.47265717984409e-12
1.73827926965569e-12,4.48350380434358e-12
1.73806534962715e-12,4.49434426673956e-12
1.73785785462069e-12,4.50517851343499e-12
1.73765684445177e-12,4.51600649048269e-12
1.73746238032665e-12,4.52682814334525e-12
1.73727452471393e-12,4.53764341666034e-12
1.73709334121455e-12,4.54845225401188e-12
1.73691889443061e-12,4.55925459770749e-12
1.73675124983299e-12,4.57005038856234e-12
1.73659047362811e-12,4.58083956568998e-12
1.73643663262389e-12,4.59162206630031e-12
1.73628979409508e-12,4.60239782550478e-12
1.73615002564827e-12,4.61316677612965e-12
1.73601739508653e-12,4.62392884853687e-12
