9.45109103455493e-13,1.25391960443192e-12
9.46298607507004e-13,1.25979396265294e-12
9.47489085030414e-13,1.26569073209916e-12
9.48680540443732e-13,1.2716099657276e-12
9.49872978175292e-13,1.27755171645821e-12
9.51066402663729e-13,1.2835160371732e-12
9.52260818357973e-13,1.28950298071649e-12
9.53456229717254e-13,1.29551259989316e-12
9.54652641211092e-13,1.30154494746883e-12
9.55850057319285e-13,1.30760007616914e-12
9.57048482531915e-13,1.31367803867912e-12
9.58247921349337e-13,1.31977888764268e-12
9.59448378282171e-13,1.32590267566202e-12
9.60649857851304e-13,1.33204945529704e-12
9.61852364587894e-13,1.33821927906485e-12
9.6305590303334e-13,1.34441219943912e-12
9.64260477739307e-13,1.35062826884959e-12
9.65466093267707e-13,1.35686753968151e-12
9.66672754190698e-13,1.36313006427505e-12
9.67880465090687e-13,1.36941589492477e-12
9.69089230560326e-13,1.37572508387908e-12
9.702990552025e-13,1.38205768333968e-12
9.7150994363034e-13,1.38841374546101e-12
9.72721900467216e-13,1.39479332234973e-12
9.73934930346731e-13,1.40119646606413e-12
9.75149037912732e-13,1.40762322861367e-12
9.76364227819293e-13,1.41407366195835e-12
9.77580504730736e-13,1.42054781800823e-12
9.7879787332161e-13,1.42704574862289e-12
9.80016338276712e-13,1.43356750561088e-12
9.81235904291068e-13,1.4401131407292e-12
9.8245657606996e-13,1.44668270568276e-12
9.83678358328903e-13,1.45327625212387e-12
9.84901255793657e-13,1.45989383165168e-12
9.86125273200238e-13,1.4665354958117e-12
9.87350415294918e-13,1.47320129609523e-12
9.88576686834215e-13,1.47989128393886e-12
9.89804092584923e-13,1.48660551072396e-12
9.91032637324086e-13,1.49334402777614e-12
9.92262325839033e-13,1.50010688636473e-12
9.9349316292737e-13,1.50689413770227e-12
9.94725153396981e-13,1.513705832944e-12
9.95958302066049e-13,1.52054202318734e-12
9.97192613763052e-13,1.52740275947136e-12
9.98428093326778e-13,1.5342880927763e-12
9.99664745606329e-13,1.541198074023e-12
1.00090257546114e-12,1.54813275407249e-12
1.00214158776097e-12,1.55509218372534e-12
1.00338178738594e-12,1.56207641372128e-12
1.00462317922651e-12,1.56908549473864e-12
1.00586576818353e-12,1.57611947739379e-12
1.00710955916822e-12,1.58317841224074e-12
1.00835455710219e-12,1.59026234977053e-12
1.00960076691747e-12,1.5973713404108e-12
1.01084819355652e-12,1.60450543452525e-12
1.01209684197222e-12,1.61166468241312e-12
1.01334671712791e-12,1.61884913430872e-12
1.01459782399743e-12,1.62605884038091e-12
1.01585016756506e-12,1.6332938507326e-12
1.01710375282563e-12,1.64055421540022e-12
1.01835858478448e-12,1.64783998435326e-12
1.0196146684575e-12,1.65515120749376e-12
1.02087200887113e-12,1.66248793465576e-12
1.02213061106244e-12,1.66985021560484e-12
1.02339048007907e-12,1.67723810003762e-12
1.02465162097932e-12,1.68465163758122e-12
1.02591403883213e-12,1.69209087779281e-12
1.02717773871714e-12,1.69955587015905e-12
1.02844272572469e-12,1.70704666409561e-12
1.02970900495587e-12,1.71456330894671e-12
1.03097658152252e-12,1.72210585398452e-12
1.03224546054727e-12,1.72967434840874e-12
1.03351564716359e-12,1.73726884134605e-12
1.03478714651578e-12,1.74488938184961e-12
1.03605996375906e-12,1.7525360188986e-12
1.03733410405954e-12,1.76020880139762e-12
1.03860957259428e-12,1.76790777817627e-12
1.03988637455134e-12,1.77563299798859e-12
1.0411645151298e-12,1.78338450951257e-12
1.0424439995398e-12,1.79116236134964e-12
1.04372483300256e-12,1.79896660202413e-12
1.04500702075047e-12,1.80679727998281e-12
1.04629056802707e-12,1.81465444359433e-12
1.04757548008712e-12,1.82253814114871e-12
1.04886176219665e-12,1.83044842085687e-12
1.050149419633e-12,1.83838533085003e-12
1.05143845768485e-12,1.84634891917927e-12
1.05272888165227e-12,1.85433923381495e-12
1.05402069684679e-12,1.86235632264623e-12
1.05531390859142e-12,1.87040023348053e-12
1.05660852222071e-12,1.87847101404301e-12
1.05790454308082e-12,1.886568711976e-12
1.05920197652954e-12,1.89469337483855e-12
1.06050082793637e-12,1.90284505010584e-12
1.06180110268256e-12,1.91102378516865e-12
1.06310280616117e-12,1.91922962733286e-12
1.06440594377713e-12,1.92746262381888e-12
1.06571052094732e-12,1.93572282176112e-12
1.06701654310058e-12,1.94401026820746e-12
1.06832401567781e-12,1.95232501011869e-12
1.06963294413204e-12,1.96066709436799e-12
1.07094333392847e-12,1.96903656774033e-12
1.07225519054456e-12,1.97743347693197e-12
1.07356851947006e-12,1.98585786854992e-12
1.07488332620712e-12,1.99430978911132e-12
1.07619961627036e-12,2.00278928504292e-12
1.07751739518692e-12,2.01129640268052e-12
1.07883666849652e-12,2.0198311882684e-12
1.0801574417516e-12,2.02839368795879e-12
1.08147972051732e-12,2.03698394781122e-12
1.0828035103717e-12,2.04560201379201e-12
1.08412881690567e-12,2.05424793177371e-12
1.08545564572315e-12,2.06292174753445e-12
1.08678400244114e-12,2.07162350675742e-12
1.08811389268983e-12,2.08035325503029e-12
1.08944532211264e-12,2.08911103784457e-12
1.09077829636635e-12,2.09789690059506e-12
1.09211282112117e-12,2.10671088857926e-12
1.09344890206083e-12,2.11555304699674e-12
1.09478654488269e-12,2.12442342094858e-12
1.09612575529784e-12,2.13332205543674e-12
1.09746653903115e-12,2.14224899536345e-12
1.09880890182143e-12,2.15120428553062e-12
1.10015284942151e-12,2.16018797063922e-12
1.10149838759833e-12,2.16920009528863e-12
1.10284552213304e-12,2.17824070397609e-12
1.10419425882114e-12,2.187309841096e-12
1.10554460347258e-12,2.19640755093934e-12
1.10689656191182e-12,2.20553387769301e-12
1.10825013997803e-12,2.2146888654392e-12
1.10960534352513e-12,2.22387255815478e-12
1.11096217842193e-12,2.23308499971062e-12
1.11232065055228e-12,2.24232623387095e-12
1.11368076581512e-12,2.25159630429272e-12
1.11504253012469e-12,2.26089525452493e-12
1.11640594941057e-12,2.27022312800799e-12
1.11777102961788e-12,2.27957996807306e-12
1.11913777670734e-12,2.28896581794133e-12
1.12050619665545e-12,2.29838072072343e-12
1.12187629545462e-12,2.30782471941871e-12
1.12324807911325e-12,2.31729785691453e-12
1.12462155365594e-12,2.32680017598567e-12
1.1259967251236e-12,2.33633171929353e-12
1.12737359957355e-12,2.34589252938553e-12
1.12875218307973e-12,2.3554826486944e-12
1.13013248173278e-12,2.36510211953738e-12
1.13151450164026e-12,2.3747509841157e-12
1.13289824892674e-12,2.38442928451374e-12
1.13428372973395e-12,2.39413706269829e-12
1.13567095022097e-12,2.40387436051797e-12
1.13705991656437e-12,2.41364121970242e-12
1.13845063495835e-12,2.42343768186156e-12
1.13984311161494e-12,2.43326378848497e-12
1.1412373527641e-12,2.44311958094099e-12
1.14263336465394e-12,2.45300510047617e-12
1.14403115355087e-12,2.46292038821438e-12
1.14543072573975e-12,2.47286548515618e-12
1.14683208752409e-12,2.48284043217798e-12
1.14823524522618e-12,2.49284527003135e-12
1.14964020518733e-12,2.50288003934227e-12
1.15104697376797e-12,2.51294478061031e-12
1.1524555573479e-12,2.52303953420794e-12
1.1538659623264e-12,2.53316434037972e-12
1.15527819512249e-12,2.54331923924156e-12
1.15669226217506e-12,2.55350427077991e-12
1.15810816994308e-12,2.56371947485102e-12
1.15952592490579e-12,2.57396489118014e-12
1.16094553356287e-12,2.58424055936076e-12
1.16236700243468e-12,2.59454651885377e-12
1.1637903380624e-12,2.60488280898675e-12
1.1652155470083e-12,2.61524946895311e-12
1.16664263585585e-12,2.62564653781132e-12
1.16807161121002e-12,2.6360740544841e-12
1.16950247969741e-12,2.64653205775766e-12
1.1709352479665e-12,2.65702058628084e-12
1.17236992268785e-12,2.66753967856431e-12
1.17380651055429e-12,2.67808937297982e-12
1.17524501828118e-12,2.68866970775927e-12
1.17668545260658e-12,2.69928072099406e-12
1.17812782029151e-12,2.70992245063408e-12
1.17957212812014e-12,2.72059493448707e-12
1.18101838290002e-12,2.73129821021766e-12
1.18246659146232e-12,2.74203231534663e-12
1.18391676066203e-12,2.75279728725005e-12
1.18536889737824e-12,2.76359316315844e-12
1.1868230085143e-12,2.77441998015599e-12
1.18827910099812e-12,2.78527777517966e-12
1.18973718178236e-12,2.79616658501842e-12
1.19119725784472e-12,2.80708644631234e-12
1.1926593361881e-12,2.81803739555184e-12
1.19412342384093e-12,2.82901946907677e-12
1.19558952785737e-12,2.84003270307564e-12
1.19705765531753e-12,2.85107713358473e-12
1.19852781332778e-12,2.86215279648729e-12
1.20000000902097e-12,2.87325972751271e-12
1.20147424955668e-12,2.88439796223564e-12
1.20295054212145e-12,2.89556753607518e-12
1.20442889392912e-12,2.90676848429403e-12
1.20590931222098e-12,2.91800084199767e-12
1.20739180426612e-12,2.92926464413351e-12
1.20887637736164e-12,2.94055992549007e-12
1.21036303883294e-12,2.95188672069613e-12
1.21185179603396e-12,2.96324506421989e-12
1.21334265634749e-12,2.97463499036816e-12
1.2148356271854e-12,2.98605653328551e-12
1.21633071598893e-12,2.99750972695349e-12
1.21782793022896e-12,3.00899460518974e-12
1.2193272774063e-12,3.0205112016472e-12
1.22082876505194e-12,3.03205954981329e-12
1.22233240072734e-12,3.0436396830091e-12
1.22383819202473e-12,3.05525163438855e-12
1.22534614656736e-12,3.06689543693762e-12
1.2268562720098e-12,3.07857112347351e-12
1.22836857603825e-12,3.09027872664385e-12
1.22988306637076e-12,3.10201827892591e-12
1.2313997507576e-12,3.11378981262579e-12
1.23291863698148e-12,3.12559335987766e-12
1.23443973285789e-12,3.13742895264292e-12
1.23596304623539e-12,3.14929662270956e-12
1.23748858499585e-12,3.16119640169117e-12
1.23901635705482e-12,3.17312832102641e-12
1.24054637036177e-12,3.18509241197806e-12
1.24207863290044e-12,3.19708870563241e-12
1.24361315268908e-12,3.20911723289844e-12
1.24514993778079e-12,3.22117802450709e-12
1.24668899626382e-12,3.23327111101055e-12
1.24823033626188e-12,3.24539652278159e-12
1.2497739659344e-12,3.2575542900127e-12
1.25131989347688e-12,3.26974444271557e-12
1.25286812712119e-12,3.28196701072028e-12
1.25441867513587e-12,3.29422202367465e-12
1.25597154582642e-12,3.30650951104358e-12
1.25752674753565e-12,3.31882950210838e-12
1.25908428864395e-12,3.33118202596614e-12
1.26064417756962e-12,3.34356711152903e-12
1.26220642276918e-12,3.35598478752376e-12
1.26377103273768e-12,3.36843508249091e-12
1.26533801600902e-12,3.38091802478433e-12
1.26690738115624e-12,3.39343364257061e-12
1.26847913679186e-12,3.40598196382842e-12
1.27005329156817e-12,3.41856301634803e-12
1.27162985417757e-12,3.4311768277307e-12
1.27320883335288e-12,3.44382342538823e-12
1.27479023786761e-12,3.45650283654236e-12
1.27637407653633e-12,3.46921508822432e-12
1.27796035821499e-12,3.48196020727435e-12
1.27954909180118e-12,3.49473822034125e-12
1.28114028623447e-12,3.50754915388187e-12
1.28273395049676e-12,3.52039303416079e-12
1.28433009361255e-12,3.5332698872498e-12
1.28592872464926e-12,3.54617973902758e-12
1.28752985271758e-12,3.55912261517933e-12
1.28913348697172e-12,3.57209854119638e-12
1.29073963660981e-12,3.58510754237592e-12
1.29234831087413e-12,3.59814964382062e-12
1.29395951905146e-12,3.61122487043844e-12
1.2955732704734e-12,3.62433324694229e-12
1.29718957451666e-12,3.63747479784982e-12
1.2988084406034e-12,3.65064954748325e-12
1.30042987820149e-12,3.66385751996909e-12
1.30205389682488e-12,3.67709873923805e-12
1.30368050603384e-12,3.69037322902489e-12
1.30530971543533e-12,3.70368101286831e-12
1.30694153468326e-12,3.71702211411081e-12
1.30857597347882e-12,3.73039655589873e-12
1.31021304157076e-12,3.74380436118216e-12
1.31185274875573e-12,3.75724555271495e-12
1.31349510487852e-12,3.77072015305474e-12
1.31514011983239e-12,3.78422818456305e-12
1.3167878035594e-12,3.79776966940533e-12
1.31843816605063e-12,3.81134462955113e-12
1.32009121734654e-12,3.82495308677422e-12
1.32174696753722e-12,3.83859506265279e-12
1.32340542676268e-12,3.85227057856971e-12
1.32506660521315e-12,3.86597965571273e-12
1.32673051312936e-12,3.87972231507481e-12
1.32839716080283e-12,3.89349857745447e-12
1.33006655857612e-12,3.90730846345614e-12
1.33173871684313e-12,3.92115199349051e-12
1.33341364604937e-12,3.9350291877751e-12
1.3350913566922e-12,3.94894006633462e-12
1.33677185932114e-12,3.96288464900154e-12
1.33845516453814e-12,3.97686295541673e-12
1.34014128299778e-12,3.99087500502994e-12
1.34183022540758e-12,4.00492081710051e-12
1.34352200252824e-12,4.01900041069808e-12
1.34521662517388e-12,4.03311380470331e-12
1.34691410421231e-12,4.04726101780865e-12
1.34861445056524e-12,4.06144206851919e-12
1.35031767520857e-12,4.0756569751535e-12
1.35202378917256e-12,4.08990575584461e-12
1.35373280354213e-12,4.10418842854091e-12
1.35544472945701e-12,4.11850501100725e-12
1.35715957811204e-12,4.1328555208259e-12
1.35887736075734e-12,4.14723997539782e-12
1.36059808869854e-12,4.16165839194371e-12
1.36232177329698e-12,4.17611078750523e-12
1.36404842596994e-12,4.19059717894643e-12
1.36577805819079e-12,4.20511758295489e-12
1.36751068148922e-12,4.21967201604325e-12
