1.72971437625094e-12,2.91686328747935e-12
1.73026621808899e-12,2.9262040709334e-12
1.73081847615886e-12,2.93556114601022e-12
1.73137113863638e-12,2.94493440571103e-12
1.73192419346748e-12,2.95432374198166e-12
1.73247762836991e-12,2.96372904571879e-12
1.73303143083503e-12,2.97315020677621e-12
1.73358558812965e-12,2.98258711397088e-12
1.73414008729788e-12,2.99203965508894e-12
1.73469491516312e-12,3.00150771689145e-12
1.73525005832995e-12,3.01099118512007e-12
1.73580550318622e-12,3.02048994450256e-12
1.73636123590508e-12,3.03000387875803e-12
1.73691724244705e-12,3.03953287060209e-12
1.73747350856221e-12,3.04907680175172e-12
1.73803001979235e-12,3.05863555292997e-12
1.73858676147314e-12,3.06820900387035e-12
1.73914371873643e-12,3.07779703332115e-12
1.73970087651249e-12,3.08739951904927e-12
1.74025821953229e-12,3.09701633784396e-12
1.74081573232985e-12,3.10664736552028e-12
1.74137339924456e-12,3.11629247692209e-12
1.7419312044236e-12,3.12595154592501e-12
1.74248913182428e-12,3.13562444543882e-12
1.74304716521647e-12,3.14531104740967e-12
1.74360528818498e-12,3.15501122282191e-12
1.74416348413211e-12,3.1647248416996e-12
1.74472173627994e-12,3.1744517731076e-12
1.74528002767292e-12,3.18419188515232e-12
1.74583834118028e-12,3.19394504498215e-12
1.74639665949846e-12,3.20371111878733e-12
1.74695496515367e-12,3.21348997179962e-12
1.74751324050428e-12,3.22328146829132e-12
1.74807146774332e-12,3.23308547157411e-12
1.74862962890093e-12,3.24290184399717e-12
1.74918770584685e-12,3.25273044694518e-12
1.74974568029281e-12,3.26257114083546e-12
1.750303533795e-12,3.27242378511505e-12
1.7508612477565e-12,3.28228823825693e-12
1.75141880342962e-12,3.29216435775599e-12
1.75197618191837e-12,3.30205200012445e-12
1.75253336418073e-12,3.31195102088662e-12
1.75309033103106e-12,3.32186127457337e-12
1.75364706314238e-12,3.33178261471581e-12
1.75420354104863e-12,3.34171489383864e-12
1.75475974514696e-12,3.35165796345279e-12
1.75531565569991e-12,3.36161167404761e-12
1.75587125283761e-12,3.37157587508237e-12
1.7564265165599e-12,3.38155041497724e-12
1.75698142673848e-12,3.39153514110374e-12
1.75753596311886e-12,3.40152989977442e-12
1.7580901053225e-12,3.41153453623214e-12
1.75864383284866e-12,3.42154889463851e-12
1.75919712507637e-12,3.4315728180619e-12
1.75974996126626e-12,3.44160614846467e-12
1.76030232056239e-12,3.45164872668996e-12
1.76085418199394e-12,3.46170039244747e-12
1.76140552447693e-12,3.47176098429904e-12
1.76195632681584e-12,3.4818303396432e-12
1.76250656770514e-12,3.49190829469928e-12
1.7630562257308e-12,3.50199468449067e-12
1.76360527937169e-12,3.51208934282765e-12
1.76415370700094e-12,3.52219210228921e-12
1.76470148688718e-12,3.53230279420446e-12
1.76524859719577e-12,3.54242124863324e-12
1.76579501598991e-12,3.55254729434601e-12
1.76634072123164e-12,3.56268075880309e-12
1.76688569078285e-12,3.57282146813313e-12
1.76742990240609e-12,3.58296924711097e-12
1.76797333376539e-12,3.59312391913473e-12
1.76851596242696e-12,3.60328530620215e-12
1.76905776585974e-12,3.6134532288863e-12
1.76959872143597e-12,3.62362750631051e-12
1.77013880643155e-12,3.63380795612265e-12
1.77067799802642e-12,3.64399439446857e-12
1.7712162733047e-12,3.65418663596495e-12
1.77175360925491e-12,3.6643844936714e-12
1.77228998276989e-12,3.67458777906177e-12
1.77282537064678e-12,3.68479630199478e-12
1.77335974958681e-12,3.69500987068407e-12
1.773893096195e-12,3.70522829166722e-12
1.77442538697977e-12,3.71545136977443e-12
1.77495659835241e-12,3.72567890809614e-12
1.77548670662646e-12,3.73591070795024e-12
1.77601568801698e-12,3.7461465688484e-12
1.77654351863972e-12,3.7563862884617e-12
1.77707017451008e-12,3.76662966258564e-12
1.77759563154214e-12,3.77687648510443e-12
1.77811986554736e-12,3.78712654795457e-12
1.77864285223334e-12,3.79737964108777e-12
1.77916456720234e-12,3.80763555243318e-12
1.77968498594974e-12,3.81789406785897e-12
1.78020408386235e-12,3.82815497113321e-12
1.78072183621665e-12,3.83841804388416e-12
1.78123821817683e-12,3.84868306555985e-12
1.78175320479277e-12,3.85894981338707e-12
1.78226677099785e-12,3.86921806232968e-12
1.78277889160668e-12,3.87948758504634e-12
1.78328954131268e-12,3.8897581518476e-12
1.78379869468554e-12,3.90002953065246e-12
1.78430632616854e-12,3.91030148694427e-12
1.78481241007575e-12,3.920573783726e-12
1.78531692058915e-12,3.93084618147515e-12
1.78581983175555e-12,3.94111843809786e-12
1.78632111748343e-12,3.95139030888266e-12
1.78682075153964e-12,3.96166154645358e-12
1.78731870754598e-12,3.97193190072286e-12
1.78781495897565e-12,3.98220111884302e-12
1.78830947914957e-12,3.9924689451586e-12
1.78880224123259e-12,4.00273512115731e-12
1.78929321822956e-12,4.01299938542076e-12
1.78978238298129e-12,4.02326147357484e-12
1.79026970816035e-12,4.0335211182395e-12
1.79075516626681e-12,4.04377804897835e-12
1.79123872962381e-12,4.05403199224769e-12
1.79172037037299e-12,4.06428267134529e-12
1.7922000604699e-12,4.07452980635875e-12
1.79267777167915e-12,4.08477311411361e-12
1.79315347556957e-12,4.09501230812108e-12
1.79362714350914e-12,4.10524709852554e-12
1.7940987466599e-12,4.11547719205166e-12
1.79456825597271e-12,4.12570229195154e-12
1.79503564218187e-12,4.13592209795128e-12
1.79550087579965e-12,4.14613630619764e-12
1.79596392711073e-12,4.15634460920434e-12
1.7964247661665e-12,4.16654669579829e-12
1.79688336277927e-12,4.17674225106571e-12
1.79733968651636e-12,4.18693095629804e-12
1.79779370669412e-12,4.19711248893791e-12
1.79824539237182e-12,4.20728652252493e-12
1.79869471234542e-12,4.21745272664153e-12
1.79914163514132e-12,4.22761076685875e-12
1.79958612900994e-12,4.23776030468208e-12
1.80002816191924e-12,4.24790099749731e-12
1.80046770154815e-12,4.25803249851655e-12
1.80090471527992e-12,4.26815445672423e-12
1.80133917019534e-12,4.27826651682333e-12
1.80177103306597e-12,4.2883683191817e-12
1.80220027034719e-12,4.29845949977863e-12
1.80262684817122e-12,4.30853969015159e-12
1.80305073234013e-12,4.3186085173433e-12
1.80347188831861e-12,4.32866560384895e-12
1.80389028122688e-12,4.33871056756385e-12
1.80430587583338e-12,4.34874302173133e-12
1.80471863654746e-12,4.35876257489113e-12
1.80512852741205e-12,4.36876883082806e-12
1.80553551209617e-12,4.37876138852114e-12
1.8059395538875e-12,4.3887398420933e-12
1.80634061568484e-12,4.39870378076142e-12
1.80673865999057e-12,4.40865278878707e-12
1.80713364890299e-12,4.41858644542762e-12
1.80752554410876e-12,4.4285043248882e-12
1.80791430687514e-12,4.43840599627403e-12
1.80829989804236e-12,4.44829102354368e-12
1.80868227801587e-12,4.45815896546274e-12
1.80906140675859e-12,4.46800937555855e-12
1.80943724378315e-12,4.47784180207537e-12
1.80980974814416e-12,4.48765578793068e-12
1.81017887843038e-12,4.49745087067202e-12
1.81054459275696e-12,4.50722658243494e-12
1.81090684875767e-12,4.51698244990178e-12
1.81126560357713e-12,4.52671799426132e-12
1.81162081386303e-12,4.5364327311695e-12
1.81197243575841e-12,4.54612617071121e-12
1.8123204248939e-12,4.55579781736301e-12
1.81266473638005e-12,4.56544716995702e-12
1.81300532479964e-12,4.57507372164585e-12
1.81334214420006e-12,4.58467695986895e-12
1.81367514808566e-12,4.59425636631977e-12
1.81400428941026e-12,4.60381141691446e-12
1.81432952056961e-12,4.61334158176175e-12
1.81465079339393e-12,4.62284632513418e-12
1.81496805914052e-12,4.63232510544056e-12
1.81528126848644e-12,4.64177737519991e-12
1.81559037152123e-12,4.65120258101687e-12
1.81589531773974e-12,4.66060016355843e-12
1.81619605603502e-12,4.66996955753233e-12
1.81649253469126e-12,4.67931019166673e-12
1.81678470137689e-12,4.68862148869181e-12
1.81707250313774e-12,4.6979028653226e-12
1.81735588639028e-12,4.70715373224376e-12
1.817634796915e-12,4.71637349409582e-12
1.81790917984986e-12,4.72556154946321e-12
1.81817897968393e-12,4.73471729086412e-12
1.81844414025107e-12,4.74384010474205e-12
1.81870460472375e-12,4.7529293714591e-12
1.81896031560707e-12,4.76198446529137e-12
1.81921121473285e-12,4.77100475442597e-12
1.81945724325389e-12,4.77998960096017e-12
1.81969834163833e-12,4.78893836090236e-12
1.8199344496643e-12,4.79785038417512e-12
1.82016550641453e-12,4.80672501462025e-12
1.82039145027131e-12,4.81556159000581e-12
1.82061221891149e-12,4.82435944203544e-12
1.82082774930177e-12,4.83311789635963e-12
1.82103797769403e-12,4.84183627258918e-12
1.821242839621e-12,4.85051388431095e-12
1.821442269892e-12,4.85915003910577e-12
1.82163620258896e-12,4.86774403856856e-12
1.82182457106257e-12,4.87629517833083e-12
1.82200730792873e-12,4.88480274808547e-12
1.82218434506511e-12,4.89326603161378e-12
1.82235561360802e-12,4.90168430681515e-12
1.82252104394945e-12,4.91005684573876e-12
1.82268056573436e-12,4.91838291461813e-12
1.82283410785818e-12,4.92666177390778e-12
1.82298159846461e-12,4.93489267832263e-12
1.82312296494359e-12,4.9430748768798e-12
1.82325813392957e-12,4.95120761294291e-12
1.82338703130004e-12,4.95929012426915e-12
1.82350958217426e-12,4.96732164305867e-12
1.82362571091233e-12,4.97530139600685e-12
1.8237353411145e-12,4.98322860435908e-12
1.82383839562075e-12,4.99110248396816e-12
1.82393479651063e-12,4.99892224535448e-12
1.82402446510343e-12,5.00668709376896e-12
1.82410732195865e-12,5.01439622925856e-12
1.82418328687667e-12,5.0220488467347e-12
1.82425227889981e-12,5.02964413604431e-12
1.8243142163137e-12,5.03718128204378e-12
1.82436901664886e-12,5.04465946467567e-12
1.82441659668271e-12,5.0520778590483e-12
1.82445687244181e-12,5.05943563551805e-12
1.82448975920447e-12,5.06673195977467e-12
1.82451517150365e-12,5.07396599292934e-12
1.82453302313022e-12,5.08113689160569e-12
1.82454322713656e-12,5.08824380803371e-12
1.82454569584043e-12,5.09528589014649e-12
1.82454034082924e-12,5.10226228167994e-12
1.8245270729647e-12,5.10917212227556e-12
1.82450580238768e-12,5.11601454758582e-12
1.82447643852359e-12,5.12278868938279e-12
1.82443889008801e-12,5.12949367566964e-12
1.82439306509265e-12,5.13612863079499e-12
1.8243388708518e-12,5.14269267557038e-12
1.82427621398903e-12,5.14918492739056e-12
1.82420500044429e-12,5.15560450035686e-12
1.82412513548138e-12,5.16195050540345e-12
1.82403652369581e-12,5.16822205042661e-12
1.823939069023e-12,5.17441824041696e-12
1.82383267474693e-12,5.18053817759468e-12
1.82371724350901e-12,5.18658096154758e-12
1.82359267731758e-12,5.19254568937237e-12
1.82345887755753e-12,5.19843145581857e-12
1.82331574500048e-12,5.20423735343556e-12
1.82316317981531e-12,5.2099624727227e-12
1.82300108157905e-12,5.21560590228197e-12
1.82282934928816e-12,5.22116672897394e-12
1.82264788137025e-12,5.22664403807643e-12
1.82245657569612e-12,5.23203691344614e-12
1.82225532959231e-12,5.23734443768314e-12
1.82204403985386e-12,5.24256569229822e-12
1.8218226027577e-12,5.24769975788313e-12
1.82159091407622e-12,5.25274571428358e-12
1.8213488690914e-12,5.25770264077519e-12
1.8210963626092e-12,5.26256961624202e-12
1.82083328897451e-12,5.26734571935815e-12
1.82055954208631e-12,5.27203002877169e-12
1.82027501541339e-12,5.27662162329188e-12
1.81997960201037e-12,5.28111958207853e-12
1.81967319453419e-12,5.28552298483443e-12
1.81935568526087e-12,5.28983091200016e-12
1.81902696610283e-12,5.29404244495174e-12
1.81868692862654e-12,5.29815666620075e-12
1.81833546407043e-12,5.30217265959693e-12
1.81797246336345e-12,5.30608951053352e-12
1.8175978171438e-12,5.30990630615489e-12
1.81721141577815e-12,5.31362213556666e-12
1.81681314938126e-12,5.31723609004833e-12
1.81640290783587e-12,5.32074726326815e-12
1.81598058081318e-12,5.32415475150048e-12
1.81554605779347e-12,5.32745765384527e-12
1.81509922808731e-12,5.33065507244989e-12
1.81463998085698e-12,5.33374611273329e-12
1.81416820513837e-12,5.33672988361188e-12
1.81368378986323e-12,5.33960549772818e-12
1.81318662388176e-12,5.34237207168095e-12
1.81267659598554e-12,5.34502872625766e-12
1.81215359493089e-12,5.34757458666882e-12
1.81161750946259e-12,5.35000878278429e-12
1.8110682283378e-12,5.35233044937129e-12
1.81050564035058e-12,5.35453872633449e-12
1.80992963435649e-12,5.35663275895755e-12
1.80934009929774e-12,5.35861169814653e-12
1.80873692422853e-12,5.36047470067488e-12
1.80811999834081e-12,5.36222092943012e-12
1.80748921099034e-12,5.36384955366184e-12
1.80684445172303e-12,5.36535974923116e-12
1.80618561030164e-12,5.36675069886187e-12
1.80551257673278e-12,5.36802159239243e-12
1.8048252412942e-12,5.36917162702969e-12
1.80412349456238e-12,5.37020000760339e-12
1.80340722744041e-12,5.37110594682211e-12
1.80267633118617e-12,5.37188866552997e-12
1.80193069744077e-12,5.37254739296463e-12
1.80117021825725e-12,5.37308136701585e-12
1.8003947861296e-12,5.37348983448514e-12
1.79960429402195e-12,5.37377205134606e-12
1.79879863539809e-12,5.3739272830052e-12
1.79797770425121e-12,5.37395480456378e-12
