1.44897332741889e-12,3.4483661594542e-13
1.44570116503672e-12,3.42887506522933e-13
1.44243301405185e-12,3.40966153871481e-13
1.43916896903855e-12,3.39072568790567e-13
1.43590912567434e-12,3.37206764603442e-13
1.43265358085048e-12,3.35368756984721e-13
1.42940243276866e-12,3.33558563782591e-13
1.42615578102414e-12,3.31776204836193e-13
1.42291372667532e-12,3.30021701788827e-13
1.4196763723002e-12,3.28295077897589e-13
1.41644382203986e-12,3.26596357840056e-13
1.41321618162922e-12,3.24925567518631e-13
1.40999355841551e-12,3.23282733863159e-13
1.40677606136454e-12,3.2166788463241e-13
1.40356380105525e-12,3.20081048215028e-13
1.40035688966286e-12,3.18522253430539e-13
1.39715544093093e-12,3.16991529330963e-13
1.39395957013275e-12,3.15488905003648e-13
1.39076939402239e-12,3.14014409375829e-13
1.38758503077591e-12,3.12568071021492e-13
1.38440659992301e-12,3.11149917971046e-13
1.38123422226964e-12,3.09759977524334e-13
1.37806801981203e-12,3.08398276067473e-13
1.37490811564242e-12,3.07064838894019e-13
1.37175463384712e-12,3.05759690030896e-13
1.3686076993973e-12,3.0448285206957e-13
1.36546743803294e-12,3.03234346002878e-13
1.36233397614043e-12,3.02014191067926e-13
1.35920744062432e-12,3.0082240459545e-13
1.35608795877368e-12,2.99659001866015e-13
1.35297565812354e-12,2.98523995973388e-13
1.34987066631196e-12,2.97417397695429e-13
1.34677311093307e-12,2.96339215372793e-13
1.34368311938674e-12,2.95289454795744e-13
1.34060081872528e-12,2.94268119099322e-13
1.3375263354976e-12,2.93275208667111e-13
1.33445979559136e-12,2.92310721043833e-13
1.33140132407373e-12,2.9137465085694e-13
1.32835104503084e-12,2.90466989747386e-13
1.32530908140689e-12,2.89587726309714e-13
1.32227555484296e-12,2.88736846041586e-13
1.31925058551618e-12,2.87914331302843e-13
1.31623429197967e-12,2.87120161284173e-13
1.31322679100367e-12,2.86354311985432e-13
1.31022819741833e-12,2.85616756203645e-13
1.30723862395844e-12,2.84907463530677e-13
1.30425818111071e-12,2.84226400360566e-13
1.30128697696384e-12,2.83573529906454e-13
1.29832511706182e-12,2.82948812227069e-13
1.29537270426084e-12,2.82352204262638e-13
1.29242983859008e-12,2.81783659880135e-13
1.28949661711695e-12,2.81243129927728e-13
1.28657313381672e-12,2.80730562298253e-13
1.28365947944735e-12,2.80245902001553e-13
1.28075574142933e-12,2.79789091245464e-13
1.27786200373121e-12,2.79360069525254e-13
1.27497834676079e-12,2.78958773721245e-13
1.27210484726245e-12,2.78585138204392e-13
1.26924157822072e-12,2.78239094949524e-13
1.26638860877035e-12,2.77920573655961e-13
1.26354600411306e-12,2.77629501875203e-13
1.26071382544122e-12,2.77365805145356e-13
1.25789212986855e-12,2.77129407131973e-13
1.25508097036801e-12,2.7692022977494e-13
1.25228039571709e-12,2.76738193441053e-13
1.24949045045047e-12,2.76583217081895e-13
1.24671117482025e-12,2.76455218396648e-13
1.24394260476388e-12,2.76354113999406e-13
1.24118477187962e-12,2.76279819590604e-13
1.23843770340994e-12,2.76232250132141e-13
1.23570142223247e-12,2.7621132002576e-13
1.23297594685885e-12,2.76216943294265e-13
1.23026129144132e-12,2.76249033765128e-13
1.227557465787e-12,2.76307505256047e-13
1.2248644753799e-12,2.76392271762008e-13
1.22218232141051e-12,2.76503247643396e-13
1.21951100081307e-12,2.7664034781472e-13
1.21685050631016e-12,2.76803487933468e-13
1.21420082646471e-12,2.76992584588679e-13
1.21156194573933e-12,2.77207555488753e-13
1.20893384456255e-12,2.77448319648055e-13
1.20631649940227e-12,2.77714797571889e-13
1.20370988284571e-12,2.78006911439357e-13
1.20111396368621e-12,2.7832458528373e-13
1.19852870701632e-12,2.78667745169825e-13
1.19595407432711e-12,2.79036319368035e-13
1.19339002361347e-12,2.79430238524548e-13
1.19083650948525e-12,2.79849435827378e-13
1.18829348328385e-12,2.8029384716779e-13
1.18576089320408e-12,2.80763411296745e-13
1.18323868442109e-12,2.8125806997599e-13
1.18072679922203e-12,2.81777768123417e-13
1.17822517714218e-12,2.82322453952356e-13
1.17573375510523e-12,2.8289207910445e-13
1.17325246756754e-12,2.83486598775811e-13
1.17078124666593e-12,2.84105971836114e-13
1.16832002236878e-12,2.84750160940379e-13
1.16586872263009e-12,2.85419132633121e-13
1.16342727354626e-12,2.8611285744465e-13
1.16099559951518e-12,2.86831309979246e-13
1.15857362339736e-12,2.87574468995001e-13
1.15616126667873e-12,2.88342317475116e-13
1.15375844963488e-12,2.89134842690471e-13
1.15136509149627e-12,2.89952036253286e-13
1.14898111061424e-12,2.90793894161744e-13
1.14660642462733e-12,2.91660416835423e-13
1.14424095062774e-12,2.92551609141446e-13
1.14188460532747e-12,2.93467480411249e-13
1.13953730522391e-12,2.94408044447901e-13
1.13719896676446e-12,2.95373319523924e-13
1.13486950651009e-12,2.96363328369593e-13
1.13254884129711e-12,2.97378098151691e-13
1.13023688839731e-12,2.98417660442752e-13
1.12793356567583e-12,2.99482051180813e-13
1.12563879174665e-12,3.00571310619733e-13
1.12335248612526e-12,3.01685483270146e-13
1.12107456937836e-12,3.02824617831152e-13
1.11880496327029e-12,3.03988767112861e-13
1.11654359090576e-12,3.05177987949912e-13
1.11429037686887e-12,3.06392341106132e-13
1.112045247358e-12,3.07631891170502e-13
1.10980813031637e-12,3.08896706444625e-13
1.107578955558e-12,3.10186858821906e-13
1.10535765488899e-12,3.11502423658673e-13
1.10314416222367e-12,3.12843479637468e-13
1.10093841369569e-12,3.14210108622803e-13
1.09874034776362e-12,3.15602395509632e-13
1.09654990531102e-12,3.17020428064844e-13
1.09436702974083e-12,3.18464296762083e-13
1.09219166706383e-12,3.19934094610235e-13
1.09002376598106e-12,3.21429916975894e-13
1.08786327796018e-12,3.22951861400178e-13
1.08571015730546e-12,3.24500027410267e-13
1.08356436122152e-12,3.26074516326004e-13
1.0814258498705e-12,3.27675431061995e-13
1.07929458642282e-12,3.29302875925556e-13
1.07717053710128e-12,3.30956956410955e-13
1.07505367121853e-12,3.32637778990341e-13
1.07294396120796e-12,3.34345450901789e-13
1.07084138264777e-12,3.36080079934888e-13
1.06874591427846e-12,3.37841774214317e-13
1.06665753801357e-12,3.39630641981845e-13
1.06457623894381e-12,3.41446791377191e-13
1.06250200533453e-12,3.43290330218218e-13
1.06043482861658e-12,3.45161365780869e-13
1.05837470337077e-12,3.47060004579348e-13
1.05632162730571e-12,3.48986352146966e-13
1.05427560122945e-12,3.50940512818112e-13
1.05223662901478e-12,3.52922589511792e-13
1.05020471755844e-12,3.5493268351721e-13
1.04817987673419e-12,3.56970894281813e-13
1.0461621193402e-12,3.59037319202246e-13
1.04415146104049e-12,3.61132053418659e-13
1.04214792030094e-12,3.63255189612793e-13
1.04015151831984e-12,3.65406817810277e-13
1.03816227895318e-12,3.67587025187534e-13
1.03618022863496e-12,3.69795895883725e-13
1.03420539629265e-12,3.72033510818111e-13
1.03223781325798e-12,3.74299947513245e-13
1.03027751317337e-12,3.76595279924331e-13
1.02832453189415e-12,3.78919578275177e-13
1.02637890738685e-12,3.8127290890102e-13
1.02444067962371e-12,3.83655334098634e-13
1.02250989047388e-12,3.86066911984005e-13
1.02058658359123e-12,3.88507696357885e-13
1.01867080429933e-12,3.90977736579553e-13
1.01676259947376e-12,3.93477077449021e-13
1.01486201742194e-12,3.96005759097992e-13
1.01296910776084e-12,3.98563816889778e-13
1.01108392129289e-12,4.01151281328436e-13
1.00920650988026e-12,4.03768177977324e-13
1.00733692631786e-12,4.06414527387267e-13
1.00547522420531e-12,4.09090345034512e-13
1.00362145781828e-12,4.11795641268634e-13
1.00177568197925e-12,4.14530421270514e-13
9.99937951928274e-13,4.17294685020513e-13
9.9810832319378e-13,4.20088427276956e-13
9.96286851463847e-13,4.22911637564957e-13
9.94473592458182e-13,4.25764300175704e-13
9.92668601801103e-13,4.28646394176171e-13
9.90871934895775e-13,4.31557893429333e-13
9.89083646800024e-13,4.3449876662483e-13
9.87303792103943e-13,4.37468977320093e-13
9.85532424809634e-13,4.40468483991847e-13
9.8376959821326e-13,4.43497240097958e-13
9.82015364789738e-13,4.46555194149507e-13
9.80269776080274e-13,4.49642289793014e-13
9.78532882583068e-13,4.52758465902637e-13
9.76804733647268e-13,4.55903656682255e-13
9.75085377370609e-13,4.5907779177722e-13
9.73374860500771e-13,4.62280796395615e-13
9.71673228340823e-13,4.65512591438812e-13
9.69980524658833e-13,4.68773093641084e-13
9.68296791601955e-13,4.72062215718065e-13
9.66622069615074e-13,4.75379866523765e-13
9.64956397364274e-13,4.78725951215879e-13
9.6329981166525e-13,4.82100371429102e-13
9.61652347416818e-13,4.85503025456122e-13
9.60014037539705e-13,4.8893380843598e-13
9.58384912920694e-13,4.92392612549467e-13
9.56765002362338e-13,4.95879327221189e-13
9.55154332538239e-13,4.99393839327917e-13
9.53552927954095e-13,5.0293603341291e-13
9.51960810914526e-13,5.06505791905729e-13
9.50378001495833e-13,5.10102995347221e-13
9.48804517524643e-13,5.13727522619214e-13
9.47240374562604e-13,5.1737925117851e-13
9.45685585897108e-13,5.21058057294767e-13
9.44140162538039e-13,5.24763816291802e-13
9.42604113220628e-13,5.2849640279191e-13
9.41077444414385e-13,5.32255690962695e-13
9.39560160338028e-13,5.36041554766023e-13
9.38052262980516e-13,5.39853868208571e-13
9.36553752128012e-13,5.43692505593582e-13
9.35064625396813e-13,5.47557341773285e-13
9.33584878272117e-13,5.51448252401592e-13
9.32114504152626e-13,5.55365114186521e-13
9.30653494400801e-13,5.59307805141986e-13
9.29201838398754e-13,5.63276204838376e-13
9.27759523609578e-13,5.67270194651545e-13
9.26326535644081e-13,5.7128965800973e-13
9.24902858332697e-13,5.75334480637927e-13
9.23488473802478e-13,5.79404550799303e-13
9.22083362558993e-13,5.83499759533183e-13
9.20687503572959e-13,5.87620000889202e-13
9.19300874371417e-13,5.91765172157151e-13
9.17923451133259e-13,5.9593517409215e-13
9.16555208788951e-13,6.00129911134712e-13
9.15196121124137e-13,6.04349291625309e-13
9.13846160887027e-13,6.08593228013026e-13
9.12505299899217e-13,6.12861637058008e-13
9.11173509169856e-13,6.17154440027217e-13
9.09850759012705e-13,6.21471562883286e-13
9.08537019166071e-13,6.25812936466018e-13
9.07232258915149e-13,6.30178496666297e-13
9.05936447216676e-13,6.34568184592076e-13
9.0464955282547e-13,6.38981946726142e-13
9.0337154442274e-13,6.43419735075412e-13
9.02102390745731e-13,6.47881507311525e-13
9.00842060718507e-13,6.52367226902432e-13
8.99590523583609e-13,6.56876863234841e-13
8.9834774903419e-13,6.61410391727298e-13
8.97113707346445e-13,6.65967793933707e-13
8.95888369511941e-13,6.70549057637132e-13
8.94671707369646e-13,6.75154176933798e-13
8.93463693737288e-13,6.79783152307134e-13
8.92264302541749e-13,6.8443599069171e-13
8.91073508948249e-13,6.89112705527134e-13
8.89891289487958e-13,6.93813316801708e-13
8.88717622183783e-13,6.98537851085901e-13
8.87552486674009e-13,7.03286341555597e-13
8.86395864333541e-13,7.08058828005129e-13
8.85247738392401e-13,7.1285535685014e-13
8.84108094051229e-13,7.17675981120315e-13
8.82976918593556e-13,7.22520760442048e-13
8.8185420149445e-13,7.27389761011171e-13
8.80739934525394e-13,7.32283055555826e-13
8.79634111855062e-13,7.3720072328963e-13
8.78536730145757e-13,7.42142849855293e-13
8.77447788645223e-13,7.47109527258842e-13
8.76367289273689e-13,7.52100853794705e-13
8.75295236705772e-13,7.57116933961779e-13
8.74231638447153e-13,7.62157878370799e-13
8.73176504905647e-13,7.67223803643217e-13
8.7212984945667e-13,7.72314832301847e-13
8.71091688502697e-13,7.77431092653635e-13
8.70062041526662e-13,7.82572718664737e-13
8.69040931139045e-13,7.87739849828361e-13
8.68028383118541e-13,7.9293263102557e-13
8.6702442644612e-13,7.98151212379539e-13
8.66029093332334e-13,8.03395749103467e-13
8.65042419237755e-13,8.08666401342686e-13
8.64064442886434e-13,8.1396333401121e-13
8.63095206272237e-13,8.19286716623212e-13
8.62134754658e-13,8.24636723119823e-13
8.61183136567472e-13,8.30013531691632e-13
8.60240403769809e-13,8.35417324597393e-13
8.59306611256786e-13,8.4084828797924e-13
8.5838181721252e-13,8.46306611675057e-13
8.5746608297581e-13,8.51792489028225e-13
8.56559472994908e-13,8.57306116695397e-13
8.55662054774946e-13,8.62847694452589e-13
8.54773898817854e-13,8.68417425000215e-13
8.53895078554877e-13,8.74015513767388e-13
8.53025670271751e-13,8.79642168716012e-13
8.52165753026541e-13,8.85297600145167e-13
8.51315408560278e-13,8.90982020496167e-13
8.50474721200424e-13,8.96695644158816e-13
8.49643777757313e-13,9.02438687279278e-13
8.48822667413649e-13,9.0821136757009e-13
8.4801148160722e-13,9.14013904122634e-13
8.47210313906923e-13,9.19846517222671e-13
8.46419259882336e-13,9.25709428169245e-13
8.45638416966899e-13,9.31602859097461e-13
8.44867884314978e-13,9.37527032805503e-13
8.44107762652958e-13,9.43482172586359e-13
8.43358154124583e-13,9.49468502064625e-13
8.42619162130744e-13,9.55486245038721e-13
8.41890891163973e-13,9.61535625329019e-13
8.41173446637884e-13,9.6761686663212e-13
