9.30332895706437e-13,1.57696178439552e-12
9.34095778996124e-13,1.58328249619564e-12
9.37885245687699e-13,1.58958845278655e-12
9.41701170943537e-13,1.59587885346534e-12
9.45543420208991e-13,1.60215289096033e-12
9.49411849085409e-13,1.6084097517035e-12
9.53306303207672e-13,1.61464861611183e-12
9.57226618126368e-13,1.62086865887752e-12
9.61172619194779e-13,1.62706904926682e-12
9.65144121460819e-13,1.63324895142765e-12
9.69140929564134e-13,1.63940752470565e-12
9.73162837638451e-13,1.64554392396872e-12
9.77209629219358e-13,1.6516572999398e-12
9.8128107715768e-13,1.65774679953791e-12
9.85376943538557e-13,1.66381156622716e-12
9.89496979606372e-13,1.66985074037365e-12
9.93640925695704e-13,1.67586345961016e-12
9.97808511168387e-13,1.68184885920838e-12
1.0019994543568e-12,1.68780607245848e-12
1.00621346251361e-12,1.69373423105604e-12
1.0104502317679e-12,1.69963246549584e-12
1.01470944708805e-12,1.70549990547262e-12
1.01899078225116e-12,1.71133568028843e-12
1.0232938998195e-12,1.71713891926634e-12
1.02761845112372e-12,1.72290875217044e-12
1.03196407625317e-12,1.72864430963174e-12
1.03633040405332e-12,1.73434472357981e-12
1.04071705213031e-12,1.74000912767995e-12
1.04512362686289e-12,1.74563665777559e-12
1.04954972342162e-12,1.7512264523356e-12
1.05399492579548e-12,1.75677765290643e-12
1.05845880682599e-12,1.76228940456862e-12
1.06294092824889e-12,1.76776085639748e-12
1.0674408407433e-12,1.77319116192775e-12
1.07195808398862e-12,1.77857947962167e-12
1.07649218672899e-12,1.78392497334057e-12
1.08104266684552e-12,1.78922681281923e-12
1.08560903143617e-12,1.79448417414316e-12
1.09019077690344e-12,1.79969624022803e-12
1.09478738904973e-12,1.80486220130131e-12
1.09939834318049e-12,1.8099812553856e-12
1.10402310421512e-12,1.8150526087833e-12
1.10866112680559e-12,1.82007547656247e-12
1.11331185546284e-12,1.82504908304333e-12
1.11797472469078e-12,1.82997266228514e-12
1.1226491591281e-12,1.83484545857325e-12
1.12733457369763e-12,1.83966672690572e-12
1.13203037376328e-12,1.84443573347935e-12
1.13673595529467e-12,1.8491517561747e-12
1.1414507050391e-12,1.85381408503974e-12
1.14617400070101e-12,1.85842202277181e-12
1.15090521112885e-12,1.86297488519747e-12
1.15564369650922e-12,1.86747200174989e-12
1.16038880856813e-12,1.8719127159435e-12
1.16513989077955e-12,1.87629638584544e-12
1.16989627858083e-12,1.88062238454344e-12
1.1746572995951e-12,1.88489010060985e-12
1.17942227386055e-12,1.88909893856139e-12
1.18419051406627e-12,1.89324831931424e-12
1.18896132579483e-12,1.8973376806342e-12
1.19373400777115e-12,1.90136647758141e-12
1.19850785211784e-12,1.90533418294943e-12
1.20328214461661e-12,1.90924028769816e-12
1.20805616497579e-12,1.91308430138036e-12
1.21282918710364e-12,1.91686575256137e-12
1.21760047938749e-12,1.92058418923167e-12
1.22236930497837e-12,1.92423917921194e-12
1.22713492208106e-12,1.92783031055022e-12
1.23189658424937e-12,1.93135719191097e-12
1.2366535406864e-12,1.93481945295546e-12
1.24140503654976e-12,1.93821674471343e-12
1.24615031326133e-12,1.9415487399454e-12
1.25088860882161e-12,1.94481513349552e-12
1.25561915812825e-12,1.94801564263457e-12
1.26034119329871e-12,1.95115000739273e-12
1.26505394399672e-12,1.95421799088194e-12
1.26975663776247e-12,1.95721937960734e-12
1.27444850034612e-12,1.96015398376781e-12
1.27912875604462e-12,1.9630216375449e-12
1.28379662804148e-12,1.9658221993803e-12
1.28845133874926e-12,1.96855555224125e-12
1.29309211015463e-12,1.97122160387373e-12
1.29771816416573e-12,1.97382028704326e-12
1.30232872296153e-12,1.97635155976286e-12
1.30692300934305e-12,1.97881540550811e-12
1.31150024708614e-12,1.981211833419e-12
1.3160596612956e-12,1.98354087848828e-12
1.32060047876032e-12,1.98580260173619e-12
1.32512192830934e-12,1.98799709037136e-12
1.3296232411684e-12,1.99012445793755e-12
1.33410365131689e-12,1.99218484444623e-12
1.33856239584482e-12,1.99417841649466e-12
1.34299871530963e-12,1.99610536736941e-12
1.34741185409258e-12,1.99796591713509e-12
1.35180106075438e-12,1.99976031270817e-12
1.35616558838996e-12,2.00148882791582e-12
1.36050469498196e-12,2.00315176353947e-12
1.36481764375282e-12,2.00474944734317e-12
1.36910370351504e-12,2.00628223408655e-12
1.37336214901962e-12,2.00775050552233e-12
1.37759226130214e-12,2.00915467037818e-12
1.38179332802639e-12,2.0104951643231e-12
1.38596464382528e-12,2.01177244991801e-12
1.39010551063878e-12,2.01298701655067e-12
1.39421523804854e-12,2.0141393803549e-12
1.3982931436091e-12,2.01523008411395e-12
1.40233855317533e-12,2.01625969714818e-12
1.40635080122591e-12,2.01722881518693e-12
1.41032923118257e-12,2.01813806022467e-12
1.41427319572488e-12,2.01898808036144e-12
1.41818205710036e-12,2.01977954962768e-12
1.42205518742968e-12,2.02051316779335e-12
1.42589196900666e-12,2.02118966016164e-12
1.42969179459296e-12,2.02180977734713e-12
1.43345406770706e-12,2.02237429503872e-12
1.43717820290759e-12,2.02288401374716e-12
1.44086362607051e-12,2.02333975853763e-12
1.44450977466005e-12,2.02374237874723e-12
1.4481160979933e-12,2.02409274768768e-12
1.45168205749811e-12,2.02439176233331e-12
1.45520712696413e-12,2.0246403429946e-12
1.45869079278689e-12,2.02483943297734e-12
1.46213255420465e-12,2.02498999822773e-12
1.46553192352786e-12,2.02509302696353e-12
1.46888842636109e-12,2.0251495292915e-12
1.47220160181723e-12,2.02516053681144e-12
1.47547100272384e-12,2.02512710220699e-12
1.47869619582139e-12,2.02505029882344e-12
1.48187676195346e-12,2.02493122023287e-12
1.48501229624848e-12,2.02477097978693e-12
1.48810240829312e-12,2.02457071015739e-12
1.49114672229703e-12,2.02433156286497e-12
1.49414487724896e-12,2.0240547077966e-12
1.49709652706396e-12,2.02374133271145e-12
1.50000134072178e-12,2.02339264273626e-12
1.50285900239616e-12,2.02300985984993e-12
1.50566921157505e-12,2.02259422235809e-12
1.50843168317164e-12,2.02214698435781e-12
1.5111461476261e-12,2.0216694151929e-12
1.51381235099798e-12,2.02116279890007e-12
1.51643005504926e-12,2.02062843364645e-12
1.51899903731783e-12,2.02006763115888e-12
1.5215190911816e-12,2.01948171614519e-12
1.52399002591299e-12,2.01887202570812e-12
1.52641166672385e-12,2.01823990875208e-12
1.52878385480083e-12,2.01758672538333e-12
1.53110644733108e-12,2.0169138463039e-12
1.53337931751841e-12,2.01622265219982e-12
1.53560235458973e-12,2.01551453312384e-12
1.53777546379201e-12,2.01479088787344e-12
1.53989856637954e-12,2.01405312336427e-12
1.54197159959168e-12,2.01330265399967e-12
1.54399451662109e-12,2.01254090103659e-12
1.5459672865724e-12,2.01176929194847e-12
1.54788989441151e-12,2.01098925978559e-12
1.54976234090547e-12,2.01020224253308e-12
1.55158464255299e-12,2.0094096824675e-12
1.5533568315058e-12,2.00861302551205e-12
1.55507895548075e-12,2.00781372059116e-12
1.55675107766282e-12,2.00701321898473e-12
1.55837327659919e-12,2.0062129736827e-12
1.55994564608437e-12,2.00541443874033e-12
1.56146829503656e-12,2.00461906863447e-12
1.56294134736535e-12,2.00382831762179e-12
1.56436494183083e-12,2.00304363909884e-12
1.56573923189433e-12,2.00226648496496e-12
1.56706438556086e-12,2.00149830498804e-12
1.5683405852134e-12,2.00074054617403e-12
1.56956802743917e-12,1.99999465214027e-12
1.57074692284819e-12,1.99926206249349e-12
1.57187749588397e-12,1.99854421221246e-12
1.5729599846269e-12,1.99784253103639e-12
1.57399464059015e-12,1.99715844285879e-12
1.57498172850848e-12,1.99649336512788e-12
1.57592152612016e-12,1.99584870825362e-12
1.57681432394193e-12,1.99522587502184e-12
1.5776604250376e-12,1.99462626001609e-12
1.5784601447801e-12,1.99405124904737e-12
1.57921381060746e-12,1.99350221859234e-12
1.57992176177276e-12,1.99298053524036e-12
1.58058434908841e-12,1.99248755514971e-12
1.58120193466483e-12,1.99202462351352e-12
1.5817748916439e-12,1.99159307403561e-12
1.58230360392723e-12,1.99119422841675e-12
1.58278846589973e-12,1.99082939585168e-12
1.58322988214845e-12,1.9904998725372e-12
1.58362826717707e-12,1.99020694119171e-12
1.58398404511633e-12,1.98995187058656e-12
1.58429764943049e-12,1.98973591508946e-12
1.58456952262015e-12,1.98956031422033e-12
1.58480011592175e-12,1.98942629221993e-12
1.58498988900385e-12,1.98933505763139e-12
1.58513930966052e-12,1.98928780289512e-12
1.58524885350218e-12,1.98928570395727e-12
1.58531900364391e-12,1.98932991989204e-12
1.58535025039174e-12,1.98942159253791e-12
1.58534309092703e-12,1.98956184614838e-12
1.58529802898925e-12,1.98975178705701e-12
1.58521557455737e-12,1.98999250335735e-12
1.58509624353015e-12,1.9902850645976e-12
1.58494055740566e-12,1.99063052149053e-12
1.58474904296007e-12,1.99102990563848e-12
1.58452223192628e-12,1.99148422927389e-12
1.58426066067232e-12,1.99199448501524e-12
1.58396486988003e-12,1.99256164563873e-12
1.58363540422415e-12,1.99318666386566e-12
1.58327281205204e-12,1.99387047216569e-12
1.5828776450644e-12,1.99461398257599e-12
1.58245045799714e-12,1.99541808653639e-12
1.58199180830469e-12,1.9962836547406e-12
1.58150225584493e-12,1.99721153700346e-12
1.5809823625661e-12,1.99820256214427e-12
1.58043269219581e-12,1.99925753788622e-12
1.57985380993243e-12,2.00037725077194e-12
1.57924628213907e-12,2.00156246609502e-12
1.57861067604047e-12,2.00281392784764e-12
1.57794755942285e-12,2.00413235868406e-12
1.57725750033712e-12,2.00551845990007e-12
1.5765410668055e-12,2.00697291142822e-12
1.57579882653195e-12,2.00849637184871e-12
1.57503134661637e-12,2.01008947841598e-12
1.57423919327302e-12,2.01175284710058e-12
1.57342293155323e-12,2.01348707264658e-12
1.57258312507249e-12,2.01529272864396e-12
1.5717203357424e-12,2.01717036761607e-12
1.57083512350735e-12,2.01912052112192e-12
1.56992804608623e-12,2.02114369987302e-12
1.56899965871945e-12,2.02324039386468e-12
1.5680505139212e-12,2.02541107252144e-12
1.5670811612373e-12,2.0276561848565e-12
1.56609214700872e-12,2.02997615964476e-12
1.56508401414086e-12,2.03237140560936e-12
1.56405730187889e-12,2.03484231162136e-12
1.56301254558901e-12,2.0373892469123e-12
1.56195027654609e-12,2.04001256129929e-12
1.56087102172751e-12,2.04271258542242e-12
1.55977530361348e-12,2.04548963099413e-12
1.55866363999393e-12,2.04834399106014e-12
1.55753654378195e-12,2.0512759402717e-12
1.55639452283405e-12,2.0542857351688e-12
1.55523807977715e-12,2.05737361447389e-12
1.55406771184249e-12,2.06053979939587e-12
1.55288391070652e-12,2.06378449394389e-12
1.5516871623387e-12,2.06710788525051e-12
1.55047794685649e-12,2.07051014390414e-12
1.54925673838732e-12,2.07399142428987e-12
1.54802400493787e-12,2.07755186493871e-12
1.54678020827033e-12,2.08119158888467e-12
1.54552580378608e-12,2.08491070402914e-12
1.54426124041639e-12,2.08870930351239e-12
1.54298696052048e-12,2.09258746609159e-12
1.54170339979081e-12,2.09654525652488e-12
1.54041098716551e-12,2.10058272596128e-12
1.53911014474811e-12,2.1046999123357e-12
1.53780128773442e-12,2.10889684076884e-12
1.53648482434662e-12,2.11317352397141e-12
1.53516115577444e-12,2.11752996265226e-12
1.53383067612345e-12,2.12196614592993e-12
1.53249377237042e-12,2.12648205174722e-12
1.53115082432569e-12,2.1310776472883e-12
1.52980220460234e-12,2.13575288939788e-12
1.52844827859246e-12,2.14050772500202e-12
1.52708940444998e-12,2.14534209153009e-12
1.52572593308033e-12,2.15025591733749e-12
1.52435820813674e-12,2.15524912212859e-12
1.52298656602299e-12,2.16032161737946e-12
1.52161133590267e-12,2.16547330676012e-12
1.52023283971469e-12,2.17070408655546e-12
1.51885139219511e-12,2.1760138460849e-12
1.51746730090494e-12,2.18140246811987e-12
1.51608086626409e-12,2.1868698292991e-12
1.51469238159095e-12,2.19241580054095e-12
1.51330213314794e-12,2.19804024745254e-12
1.51191040019243e-12,2.2037430307353e-12
1.51051745503321e-12,2.20952400658636e-12
1.50912356309228e-12,2.21538302709549e-12
1.50772898297172e-12,2.22131994063725e-12
1.50633396652554e-12,2.22733459225783e-12
1.50493875893646e-12,2.23342682405628e-12
1.50354359879728e-12,2.23959647555973e-12
1.50214871819675e-12,2.24584338409227e-12
1.50075434280985e-12,2.25216738513712e-12
1.49936069199213e-12,2.25856831269172e-12
1.49796797887814e-12,2.26504599961545e-12
1.4965764104836e-12,2.27160027796966e-12
1.49518618781121e-12,2.27823097934962e-12
1.49379750595996e-12,2.28493793520823e-12
1.49241055423761e-12,2.29172097717107e-12
1.49102551627632e-12,2.29857993734257e-12
1.48964257015114e-12,2.30551464860305e-12
1.48826188850117e-12,2.31252494489637e-12
1.48688363865329e-12,2.31961066150788e-12
1.48550798274812e-12,2.32677163533259e-12
1.48413507786817e-12,2.33400770513325e-12
1.48276507616789e-12,2.34131871178802e-12
1.48139812500543e-12,2.34870449852793e-12
1.480034367076e-12,2.35616491116346e-12
1.47867394054651e-12,2.36369979830049e-12
1.47731697919139e-12,2.37130901154526e-12
1.47596361252942e-12,2.37899240569827e-12
