1.93040559826386e-12,2.48594627451714e-12
1.93049154264889e-12,2.49091265686214e-12
1.93057207250417e-12,2.49587897922389e-12
1.93064718666313e-12,2.50084519472944e-12
1.93071688396979e-12,2.50581125625036e-12
1.93078116327858e-12,2.51077711640172e-12
1.93084002345435e-12,2.5157427275412e-12
1.93089346337228e-12,2.5207080417682e-12
1.93094148191785e-12,2.52567301092283e-12
1.93098407798672e-12,2.53063758658506e-12
1.93102125048469e-12,2.53560172007373e-12
1.93105299832769e-12,2.54056536244569e-12
1.93107932044164e-12,2.54552846449487e-12
1.93110021576244e-12,2.55049097675135e-12
1.93111568323592e-12,2.55545284948047e-12
1.93112572181775e-12,2.5604140326819e-12
1.93113033047338e-12,2.56537447608879e-12
1.93112950817803e-12,2.57033412916682e-12
1.9311232539166e-12,2.5752929411133e-12
1.93111156668362e-12,2.58025086085635e-12
1.9310944454832e-12,2.58520783705396e-12
1.93107188932897e-12,2.59016381809304e-12
1.93104389724406e-12,2.59511875208871e-12
1.93101046826101e-12,2.60007258688329e-12
1.93097160142174e-12,2.60502527004546e-12
1.93092729577748e-12,2.6099767488694e-12
1.93087755038878e-12,2.61492697037394e-12
1.93082236432539e-12,2.61987588130169e-12
1.93076173666626e-12,2.62482342811816e-12
1.93069566649947e-12,2.62976955701098e-12
1.93062415292221e-12,2.63471421388898e-12
1.93054719504073e-12,2.63965734438141e-12
1.93046479197028e-12,2.64459889383704e-12
1.93037694283506e-12,2.64953880732339e-12
1.93028364676823e-12,2.65447702962586e-12
1.93018490291184e-12,2.65941350524699e-12
1.93008071041675e-12,2.6643481784055e-12
1.92997106844268e-12,2.66928099303565e-12
1.9298559761581e-12,2.67421189278628e-12
1.92973543274021e-12,2.67914082102013e-12
1.92960943737492e-12,2.68406772081299e-12
1.92947798925683e-12,2.68899253495288e-12
1.92934108758914e-12,2.69391520593938e-12
1.92919873158367e-12,2.69883567598273e-12
1.9290509204608e-12,2.70375388700312e-12
1.92889765344946e-12,2.7086697806299e-12
1.9287389297871e-12,2.71358329820088e-12
1.92857474871962e-12,2.7184943807615e-12
1.92840510950139e-12,2.72340296906413e-12
1.92823001139521e-12,2.7283090035673e-12
1.92804945367226e-12,2.733212424435e-12
1.92786343561212e-12,2.73811317153594e-12
1.92767195650271e-12,2.74301118444282e-12
1.92747501564026e-12,2.74790640243159e-12
1.92727261232932e-12,2.75279876448082e-12
1.92706474588274e-12,2.75768820927094e-12
1.92685141562158e-12,2.76257467518354e-12
1.9266326208752e-12,2.76745810030072e-12
1.92640836098115e-12,2.7723384224044e-12
1.92617863528521e-12,2.77721557897562e-12
1.92594344314131e-12,2.7820895071939e-12
1.92570278391161e-12,2.78696014393661e-12
1.92545665696638e-12,2.79182742577827e-12
1.92520506168407e-12,2.79669128898992e-12
1.92494799745125e-12,2.80155166953851e-12
1.9246854636626e-12,2.80640850308622e-12
1.92441745972094e-12,2.81126172498995e-12
1.92414398503716e-12,2.81611127030057e-12
1.92386503903027e-12,2.82095707376242e-12
1.92358062112734e-12,2.82579906981266e-12
1.92329073076353e-12,2.83063719258075e-12
1.92299536738207e-12,2.83547137588778e-12
1.92269453043425e-12,2.84030155324595e-12
1.92238821937945e-12,2.84512765785807e-12
1.92207643368507e-12,2.84994962261687e-12
1.92175917282659e-12,2.85476738010458e-12
1.92143643628755e-12,2.85958086259235e-12
1.92110822355954e-12,2.8643900020397e-12
1.9207745341422e-12,2.86919473009404e-12
1.92043536754324e-12,2.87399497809019e-12
1.92009072327844e-12,2.87879067704979e-12
1.91974060087164e-12,2.88358175768093e-12
1.91938499985475e-12,2.88836815037755e-12
1.91902391976775e-12,2.89314978521906e-12
1.91865736015873e-12,2.89792659196987e-12
1.91828532058384e-12,2.90269850007892e-12
1.91790780060737e-12,2.90746543867922e-12
1.9175247998017e-12,2.91222733658746e-12
1.91713631774733e-12,2.91698412230361e-12
1.91674235403291e-12,2.92173572401043e-12
1.91634290825522e-12,2.92648206957315e-12
1.91593798001923e-12,2.93122308653906e-12
1.91552756893807e-12,2.93595870213712e-12
1.91511167463306e-12,2.94068884327758e-12
1.91469029673375e-12,2.94541343655168e-12
1.9142634348779e-12,2.95013240823127e-12
1.91383108871153e-12,2.95484568426844e-12
1.91339325788893e-12,2.95955319029529e-12
1.91294994207268e-12,2.96425485162351e-12
1.91250114093365e-12,2.96895059324416e-12
1.9120468541511e-12,2.97364033982738e-12
1.91158708141259e-12,2.97832401572203e-12
1.9111218224141e-12,2.98300154495555e-12
1.91065107686001e-12,2.98767285123359e-12
1.91017484446316e-12,2.99233785793985e-12
1.90969312494482e-12,2.99699648813579e-12
1.90920591803479e-12,3.00164866456047e-12
1.90871322347139e-12,3.00629430963029e-12
1.90821504100149e-12,3.01093334543887e-12
1.90771137038056e-12,3.01556569375675e-12
1.9072022113727e-12,3.02019127603138e-12
1.90668756375066e-12,3.02481001338681e-12
1.90616742729589e-12,3.02942182662364e-12
1.90564180179856e-12,3.03402663621888e-12
1.90511068705765e-12,3.03862436232581e-12
1.9045740828809e-12,3.04321492477389e-12
1.90403198908493e-12,3.04779824306866e-12
1.90348440549523e-12,3.05237423639168e-12
1.90293133194624e-12,3.05694282360046e-12
1.90237276828138e-12,3.0615039232284e-12
1.90180871435304e-12,3.06605745348473e-12
1.90123917002274e-12,3.07060333225457e-12
1.90066413516105e-12,3.07514147709883e-12
1.90008360964775e-12,3.07967180525428e-12
1.89949759337178e-12,3.08419423363352e-12
1.89890608623135e-12,3.08870867882504e-12
1.89830908813399e-12,3.09321505709328e-12
1.89770659899655e-12,3.09771328437867e-12
1.89709861874532e-12,3.10220327629771e-12
1.89648514731602e-12,3.10668494814305e-12
1.89586618465393e-12,3.11115821488367e-12
1.89524173071385e-12,3.11562299116486e-12
1.89461178546023e-12,3.1200791913085e-12
1.89397634886721e-12,3.12452672931315e-12
1.89333542091866e-12,3.12896551885418e-12
1.89268900160825e-12,3.13339547328403e-12
1.89203709093952e-12,3.13781650563235e-12
1.89137968892594e-12,3.14222852860624e-12
1.89071679559095e-12,3.14663145459046e-12
1.89004841096805e-12,3.1510251956477e-12
1.88937453510085e-12,3.15540966351882e-12
1.88869516804316e-12,3.15978476962314e-12
1.888010309859e-12,3.16415042505873e-12
1.88731996062274e-12,3.16850654060269e-12
1.88662412041911e-12,3.17285302671155e-12
1.88592278934332e-12,3.17718979352154e-12
1.88521596750108e-12,3.18151675084897e-12
1.8845036550087e-12,3.18583380819064e-12
1.88378585199318e-12,3.19014087472416e-12
1.88306255859224e-12,3.19443785930847e-12
1.88233377495443e-12,3.19872467048413e-12
1.8815995012392e-12,3.20300121647391e-12
1.88085973761696e-12,3.2072674051831e-12
1.88011448426917e-12,3.21152314420015e-12
1.87936374138844e-12,3.21576834079703e-12
1.87860750917857e-12,3.22000290192984e-12
1.87784578785465e-12,3.22422673423928e-12
1.87707857764317e-12,3.22843974405123e-12
1.87630587878203e-12,3.23264183737733e-12
1.87552769152072e-12,3.23683291991553e-12
1.87474401612033e-12,3.24101289705075e-12
1.87395485285366e-12,3.24518167385543e-12
1.87316020200533e-12,3.24933915509022e-12
1.87236006387182e-12,3.25348524520471e-12
1.87155443876163e-12,3.25761984833794e-12
1.8707433269953e-12,3.26174286831926e-12
1.86992672890551e-12,3.26585420866895e-12
1.86910464483726e-12,3.26995377259904e-12
1.86827707514784e-12,3.27404146301398e-12
1.86744402020699e-12,3.27811718251147e-12
1.866605480397e-12,3.28218083338324e-12
1.8657614561128e-12,3.28623231761589e-12
1.86491194776204e-12,3.2902715368917e-12
1.86405695576521e-12,3.29429839258948e-12
1.86319648055571e-12,3.29831278578547e-12
1.86233052257999e-12,3.30231461725422e-12
1.86145908229764e-12,3.30630378746955e-12
1.86058216018146e-12,3.31028019660538e-12
1.85969975671763e-12,3.31424374453683e-12
1.85881187240573e-12,3.31819433084107e-12
1.85791850775893e-12,3.32213185479844e-12
1.85701966330403e-12,3.32605621539336e-12
1.85611533958161e-12,3.32996731131541e-12
1.85520553714613e-12,3.33386504096045e-12
1.85429025656602e-12,3.33774930243163e-12
1.85336949842382e-12,3.34161999354053e-12
1.85244326331627e-12,3.34547701180828e-12
1.85151155185444e-12,3.34932025446671e-12
1.85057436466383e-12,3.35314961845952e-12
1.84963170238448e-12,3.35696500044347e-12
1.84868356567112e-12,3.36076629678963e-12
1.84772995519326e-12,3.36455340358457e-12
1.84677087163529e-12,3.36832621663164e-12
1.84580631569665e-12,3.37208463145225e-12
1.8448362880919e-12,3.3758285432872e-12
1.84386078955088e-12,3.37955784709796e-12
1.8428798208188e-12,3.38327243756806e-12
1.84189338265638e-12,3.38697220910445e-12
1.84090147584e-12,3.39065705583892e-12
1.83990410116175e-12,3.39432687162948e-12
1.83890125942965e-12,3.39798155006186e-12
1.83789295146771e-12,3.40162098445088e-12
1.83687917811607e-12,3.40524506784208e-12
1.83585994023116e-12,3.40885369301311e-12
1.83483523868581e-12,3.41244675247536e-12
1.83380507436935e-12,3.41602413847546e-12
1.83276944818781e-12,3.41958574299692e-12
1.831728361064e-12,3.42313145776172e-12
1.83068181393766e-12,3.4266611742319e-12
1.8296298077656e-12,3.43017478361133e-12
1.82857234352182e-12,3.43367217684729e-12
1.82750942219768e-12,3.43715324463223e-12
1.826441044802e-12,3.44061787740554e-12
1.82536721236123e-12,3.44406596535524e-12
1.82428792591957e-12,3.4474973984198e-12
1.82320318653912e-12,3.45091206628998e-12
1.82211299530002e-12,3.45430985841063e-12
1.82101735330061e-12,3.45769066398257e-12
1.81991626165752e-12,3.46105437196449e-12
1.81880972150592e-12,3.46440087107485e-12
1.81769773399952e-12,3.46773004979381e-12
1.81658030031085e-12,3.47104179636524e-12
1.81545742163136e-12,3.47433599879869e-12
1.81432909917154e-12,3.47761254487142e-12
1.8131953341611e-12,3.4808713221304e-12
1.81205612784912e-12,3.48411221789449e-12
1.81091148150421e-12,3.48733511925644e-12
1.80976139641465e-12,3.49053991308509e-12
1.80860587388852e-12,3.49372648602744e-12
1.80744491525392e-12,3.496894724511e-12
1.80627852185906e-12,3.50004451474578e-12
1.80510669507247e-12,3.50317574272673e-12
1.8039294362831e-12,3.50628829423587e-12
1.80274674690055e-12,3.50938205484465e-12
1.80155862835517e-12,3.51245690991628e-12
1.80036508209825e-12,3.51551274460806e-12
1.79916610960219e-12,3.51854944387375e-12
1.79796171236061e-12,3.52156689246602e-12
1.79675189188861e-12,3.52456497493883e-12
1.79553664972283e-12,3.52754357564994e-12
1.79431598742171e-12,3.53050257876344e-12
1.79308990656556e-12,3.53344186825214e-12
1.79185840875683e-12,3.53636132790031e-12
1.7906214956202e-12,3.53926084130611e-12
1.78937916880278e-12,3.54214029188427e-12
1.78813142997431e-12,3.54499956286874e-12
1.78687828082728e-12,3.54783853731535e-12
1.78561972307712e-12,3.55065709810449e-12
1.78435575846239e-12,3.55345512794389e-12
1.78308638874496e-12,3.55623250937134e-12
1.78181161571014e-12,3.55898912475751e-12
1.78053144116693e-12,3.56172485630877e-12
1.77924586694811e-12,3.56443958607004e-12
1.7779548949105e-12,3.56713319592768e-12
1.77665852693511e-12,3.56980556761241e-12
1.77535676492727e-12,3.57245658270225e-12
1.77404961081693e-12,3.57508612262552e-12
1.7727370665587e-12,3.57769406866382e-12
1.77141913413216e-12,3.58028030195511e-12
1.77009581554197e-12,3.58284470349676e-12
1.76876711281809e-12,3.58538715414866e-12
1.76743302801593e-12,3.58790753463639e-12
1.76609356321657e-12,3.59040572555431e-12
1.76474872052697e-12,3.5928816073689e-12
1.76339850208009e-12,3.59533506042184e-12
1.76204291003516e-12,3.59776596493341e-12
1.76068194657781e-12,3.60017420100574e-12
1.7593156139203e-12,3.6025596486261e-12
1.75794391430169e-12,3.60492218767036e-12
1.75656684998806e-12,3.60726169790634e-12
1.75518442327269e-12,3.60957805899725e-12
1.75379663647626e-12,3.61187115050516e-12
1.75240349194705e-12,3.6141408518945e-12
1.75100499206113e-12,3.61638704253566e-12
1.74960113922257e-12,3.61860960170841e-12
1.74819193586365e-12,3.62080840860569e-12
1.74677738444503e-12,3.62298334233713e-12
1.745357487456e-12,3.62513428193276e-12
1.74393224741464e-12,3.6272611063467e-12
1.74250166686805e-12,3.629363694461e-12
1.74106574839254e-12,3.63144192508925e-12
1.73962449459387e-12,3.63349567698057e-12
1.73817790810743e-12,3.63552482882338e-12
1.73672599159843e-12,3.63752925924922e-12
1.73526874776215e-12,3.6395088468368e-12
1.73380617932414e-12,3.6414634701159e-12
1.73233828904045e-12,3.64339300757138e-12
1.73086507969777e-12,3.64529733764717e-12
1.72938655411375e-12,3.64717633875039e-12
1.72790271513713e-12,3.64902988925542e-12
1.72641356564801e-12,3.65085786750809e-12
1.72491910855803e-12,3.65266015182976e-12
1.72341934681061e-12,3.65443662052165e-12
1.72191428338117e-12,3.65618715186903e-12
1.72040392127735e-12,3.65791162414553e-12
1.71888826353922e-12,3.65960991561744e-12
1.7173673132395e-12,3.66128190454812e-12
1.71584107348383e-12,3.66292746920238e-12
1.71430954741091e-12,3.66454648785092e-12
1.71277273819284e-12,3.66613883877482e-12
