1.54743678350583e-12,6.18488495857019e-13
1.54377062642721e-12,6.15904614218423e-13
1.54011664351641e-12,6.13350104777163e-13
1.53647477668947e-12,6.10824813957003e-13
1.53284496809229e-12,6.08328594508639e-13
1.52922716036175e-12,6.05861305619174e-13
1.52562129687696e-12,6.03422813007668e-13
1.52202732200062e-12,6.010129890069e-13
1.51844518131021e-12,5.98631712631422e-13
1.51487482181919e-12,5.96278869632114e-13
1.51131619218772e-12,5.93954352537376e-13
1.50776924292322e-12,5.91658060681135e-13
1.50423392657048e-12,5.89389900217868e-13
1.50071019789126e-12,5.87149784124849e-13
1.49719801403348e-12,5.8493763219185e-13
1.49369733468994e-12,5.82753370998505e-13
1.49020812224638e-12,5.80596933879616e-13
1.48673034191922e-12,5.78468260878647e-13
1.4832639618827e-12,5.76367298689671e-13
1.47980895338558e-12,5.74294000588075e-13
1.47636529085746e-12,5.72248326350292e-13
1.47293295200475e-12,5.70230242162889e-13
1.46951191789632e-12,5.68239720521317e-13
1.466102173039e-12,5.66276740118645e-13
1.46270370544291e-12,5.64341285724609e-13
1.45931650667689e-12,5.62433348055355e-13
1.45594057191395e-12,5.60552923634156e-13
1.45257589996699e-12,5.58700014643549e-13
1.44922249331497e-12,5.5687462876918e-13
1.44588035811953e-12,5.55076779035791e-13
1.44254950423231e-12,5.53306483635675e-13
1.43922994519326e-12,5.5156376575004e-13
1.4359216982198e-12,5.49848653363603e-13
1.43262478418738e-12,5.48161179072889e-13
1.42933922760139e-12,5.46501379888546e-13
1.42606505656071e-12,5.44869297032155e-13
1.42280230271317e-12,5.43264975727875e-13
1.41955100120306e-12,5.41688464989387e-13
1.41631119061088e-12,5.40139817402476e-13
1.41308291288577e-12,5.38619088903743e-13
1.40986621327066e-12,5.37126338555776e-13
1.4066611402204e-12,5.35661628319245e-13
1.40346774531337e-12,5.34225022822304e-13
1.40028608315644e-12,5.32816589127704e-13
1.39711621128396e-12,5.3143639649807e-13
1.39395819005068e-12,5.30084516159651e-13
1.39081208251925e-12,5.28761021065066e-13
1.38767795434219e-12,5.27465985655331e-13
1.38455587363894e-12,5.2619948562165e-13
1.38144591086812e-12,5.24961597667301e-13
1.37834813869532e-12,5.23752399270042e-13
1.37526263185674e-12,5.22571968445395e-13
1.37218946701889e-12,5.21420383511193e-13
1.36912872263481e-12,5.20297722853763e-13
1.36608047879694e-12,5.19204064696104e-13
1.36304481708705e-12,5.18139486868419e-13
1.36002182042351e-12,5.17104066581346e-13
1.35701157290609e-12,5.1609788020223e-13
1.35401415965884e-12,5.15121003034786e-13
1.35102966667112e-12,5.14173509102455e-13
1.34805818063706e-12,5.13255470935786e-13
1.34509978879404e-12,5.12366959364125e-13
1.34215457876017e-12,5.11508043311972e-13
1.33922263837116e-12,5.10678789600205e-13
1.336304055517e-12,5.09879262752524e-13
1.33339891797852e-12,5.09109524807335e-13
1.33050731326432e-12,5.08369635135373e-13
1.3276293284482e-12,5.07659650263251e-13
1.32476505000747e-12,5.06979623703238e-13
1.32191456366233e-12,5.06329605789438e-13
1.31907795421666e-12,5.05709643520582e-13
1.31625530540044e-12,5.05119780409686e-13
1.31344669971405e-12,5.04560056340685e-13
1.31065221827481e-12,5.04030507432288e-13
1.30787194066577e-12,5.03531165909154e-13
1.30510594478729e-12,5.0306205998059e-13
1.30235430671145e-12,5.02623213726894e-13
1.29961710053949e-12,5.02214646993436e-13
1.2968943982627e-12,5.01836375292633e-13
1.29418626962679e-12,5.01488409713894e-13
1.29149278199994e-12,5.0117075684161e-13
1.28881400024499e-12,5.00883418681305e-13
1.28614998659553e-12,5.00626392593938e-13
1.28350080053652e-12,5.00399671238481e-13
1.28086649868927e-12,5.00203242522745e-13
1.27824713470119e-12,5.00037089562507e-13
1.27564275914026e-12,4.99901190648927e-13
1.2730534193946e-12,4.99795519224284e-13
1.27047915957706e-12,4.99720043865969e-13
1.2679200204351e-12,4.99674728278726e-13
1.26537603926608e-12,4.99659531295124e-13
1.26284724983799e-12,4.99674406884145e-13
1.2603336823158e-12,4.99719304167888e-13
1.25783536319351e-12,4.9979416744625e-13
1.25535231523203e-12,4.99898936229567e-13
1.2528845574028e-12,5.00033545279007e-13
1.25043210483751e-12,5.00197924654728e-13
1.24799496878365e-12,5.00391999771553e-13
1.24557315656625e-12,5.00615691462146e-13
1.24316667155559e-12,5.00868916047433e-13
1.24077551314112e-12,5.0115158541419e-13
1.23839967671141e-12,5.01463607099592e-13
1.23603915364044e-12,5.01804884382586e-13
1.23369393127982e-12,5.02175316381841e-13
1.23136399295736e-12,5.02574798160147e-13
1.22904931798166e-12,5.0300322083501e-13
1.22674988165292e-12,5.03460471695288e-13
1.2244656552797e-12,5.03946434323569e-13
1.2221966062019e-12,5.0446098872415e-13
1.21994269781957e-12,5.05004011456317e-13
1.21770388962784e-12,5.05575375772741e-13
1.21548013725755e-12,5.0617495176269e-13
1.2132713925218e-12,5.06802606499832e-13
1.21107760346817e-12,5.07458204194393e-13
1.20889871443661e-12,5.08141606349348e-13
1.20673466612283e-12,5.08852671920437e-13
1.20458539564711e-12,5.09591257479688e-13
1.20245083662852e-12,5.10357217382215e-13
1.20033091926413e-12,5.11150403935939e-13
1.19822557041357e-12,5.11970667574058e-13
1.19613471368828e-12,5.12817857029867e-13
1.19405826954567e-12,5.136918195137e-13
1.19199615538797e-12,5.14592400891737e-13
1.18994828566549e-12,5.15519445866284e-13
1.18791457198424e-12,5.16472798157335e-13
1.18589492321778e-12,5.17452300685083e-13
1.18388924562302e-12,5.18457795753061e-13
1.18189744295991e-12,5.19489125231696e-13
1.17991941661473e-12,5.20546130741895e-13
1.17795506572691e-12,5.21628653838461e-13
1.17600428731906e-12,5.22736536192976e-13
1.17406697643022e-12,5.23869619775929e-13
1.17214302625189e-12,5.25027747037776e-13
1.17023232826683e-12,5.26210761088644e-13
1.16833477239034e-12,5.27418505876435e-13
1.16645024711387e-12,5.28650826363036e-13
1.16457863965068e-12,5.29907568698374e-13
1.1627198360834e-12,5.31188580392056e-13
1.16087372151333e-12,5.32493710482345e-13
1.15904018021108e-12,5.33822809702199e-13
1.1572190957686e-12,5.35175730642144e-13
1.15541035125211e-12,5.36552327909753e-13
1.15361382935597e-12,5.37952458285473e-13
1.1518294125571e-12,5.39375980874587e-13
1.15005698326981e-12,5.40822757255101e-13
1.14829642400078e-12,5.42292651621329e-13
1.14654761750407e-12,5.43785530922986e-13
1.14481044693581e-12,5.45301264999602e-13
1.14308479600848e-12,5.46839726710025e-13
1.14137054914448e-12,5.48400792056927e-13
1.13966759162886e-12,5.49984340306022e-13
1.13797580976094e-12,5.51590254099966e-13
1.13629509100463e-12,5.53218419566681e-13
1.13462532413729e-12,5.54868726422045e-13
1.13296639939684e-12,5.56541068066744e-13
1.13131820862703e-12,5.58235341677236e-13
1.12968064542061e-12,5.59951448290687e-13
1.12805360526023e-12,5.61689292883741e-13
1.12643698565682e-12,5.63448784445121e-13
1.12483068628547e-12,5.65229836041896e-13
1.12323460911833e-12,5.67032364879407e-13
1.12164865855461e-12,5.68856292354755e-13
1.12007274154739e-12,5.70701544103837e-13
1.11850676772712e-12,5.72568050041872e-13
1.11695064952164e-12,5.74455744397403e-13
1.11540430227251e-12,5.76364565739754e-13
1.11386764434759e-12,5.78294456999946e-13
1.11234059724977e-12,5.80245365485096e-13
1.11082308572144e-12,5.82217242886261e-13
1.10931503784498e-12,5.84210045279842e-13
1.10781638513881e-12,5.86223733122517e-13
1.10632706264899e-12,5.88258271239789e-13
1.10484700903633e-12,5.90313628808196e-13
1.10337616665887e-12,5.92389779331287e-13
1.10191448164949e-12,5.9448670060939e-13
1.10046190398875e-12,5.96604374703313e-13
1.09901838757286e-12,5.9874278789209e-13
1.09758389027651e-12,6.00901930624803e-13
1.09615837401071e-12,6.03081797466727e-13
1.0947418047755e-12,6.05282387039814e-13
1.09333415270736e-12,6.07503701957727e-13
1.09193539212149e-12,6.09745748755554e-13
1.09054550154872e-12,6.12008537814353e-13
1.08916446376716e-12,6.14292083280708e-13
1.08779226582837e-12,6.16596402981468e-13
1.08642889907835e-12,6.18921518333841e-13
1.08507435917291e-12,6.21267454251046e-13
1.08372864608788e-12,6.23634239043733e-13
1.08239176412372e-12,6.26021904317333e-13
1.08106372190492e-12,6.2843048486561e-13
1.07974453237385e-12,6.30860018560567e-13
1.07843421277946e-12,6.33310546238998e-13
1.07713278466045e-12,6.3578211158584e-13
1.0758402738234e-12,6.3827476101465e-13
1.07455671031541e-12,6.40788543545341e-13
1.07328212839175e-12,6.43323510679516e-13
1.07201656647826e-12,6.45879716273594e-13
1.07076006712876e-12,6.48457216409978e-13
1.06951267697741e-12,6.51056069266552e-13
1.06827444668614e-12,6.53676334984725e-13
1.06704543088734e-12,6.56318075536328e-13
1.06582568812167e-12,6.58981354589547e-13
1.06461528077127e-12,6.61666237374262e-13
1.06341427498847e-12,6.6437279054694e-13
1.06222274061995e-12,6.67101082055454e-13
1.06104075112664e-12,6.69851181003989e-13
1.05986838349937e-12,6.72623157518384e-13
1.05870571817044e-12,6.75417082612131e-13
1.05755283892114e-12,6.78233028053268e-13
1.05640983278558e-12,6.81071066232507e-13
1.05527678995067e-12,6.83931270032746e-13
1.0541538036526e-12,6.86813712700324e-13
1.05304097006991e-12,6.89718467718176e-13
1.05193838821327e-12,6.92645608681233e-13
1.05084615981214e-12,6.95595209174212e-13
1.04976438919845e-12,6.98567342652122e-13
1.04869318318752e-12,7.01562082323649e-13
1.04763265095627e-12,7.04579501037715e-13
1.04658290391905e-12,7.07619671173401e-13
1.04554405560101e-12,7.10682664533411e-13
1.04451622150949e-12,7.13768552241408e-13
1.04349951900329e-12,7.1687740464329e-13
1.04249406716022e-12,7.20009291212698e-13
1.04149998664301e-12,7.23164280460907e-13
1.0405173995638e-12,7.26342439851305e-13
1.03954642934723e-12,7.29543835718588e-13
1.0385872005926e-12,7.3276853319291e-13
1.03763983893498e-12,7.3601659612908e-13
1.03670447090565e-12,7.39288087041e-13
1.03578122379193e-12,7.42583067041431e-13
1.03487022549666e-12,7.45901595787271e-13
1.03397160439746e-12,7.49243731430464e-13
1.0330854892059e-12,7.52609530574559e-13
1.03221200882692e-12,7.55999048237149e-13
1.03135129221847e-12,7.59412337818169e-13
1.03050346825169e-12,7.62849451074211e-13
1.0296686655717e-12,7.66310438098844e-13
1.02884701245932e-12,7.69795347309062e-13
1.02803863669366e-12,7.73304225437877e-13
1.02724366541594e-12,7.76837117533036e-13
1.02646222499463e-12,7.80394066962009e-13
1.02569444089207e-12,7.8397511542312e-13
1.02494043753269e-12,7.87580302962916e-13
1.02420033817307e-12,7.91209667999659e-13
1.02347426477391e-12,7.94863247353028e-13
1.02276233787409e-12,7.98541076279954e-13
1.02206467646697e-12,8.02243188516419e-13
1.021381397879e-12,8.05969616325372e-13
1.02071261765095e-12,8.09720390550486e-13
1.0200584494216e-12,8.13495540675795e-13
1.01941900481429e-12,8.17295094891038e-13
1.01879439332638e-12,8.21119080162666e-13
1.01818472222155e-12,8.24967522310322e-13
1.0175900964253e-12,8.28840446088682e-13
1.01701061842369e-12,8.32737875274565e-13
1.01644638816523e-12,8.36659832759069e-13
1.01589750296631e-12,8.40606340644593e-13
1.01536405742005e-12,8.44577420346648e-13
1.01484614330871e-12,8.48573092700122e-13
1.01434384951976e-12,8.52593378069899e-13
1.01385726196565e-12,8.56638296465633e-13
1.01338646350738e-12,8.60707867660366e-13
1.0129315338819e-12,8.64802111312891e-13
1.01249254963337e-12,8.68921047093436e-13
1.01206958404844e-12,8.73064694812667e-13
1.01166270709541e-12,8.77233074553517e-13
1.0112719853675e-12,8.81426206805736e-13
1.01089748203008e-12,8.85644112602804e-13
1.01053925677205e-12,8.89886813660961e-13
1.01019736576124e-12,8.94154332520117e-13
1.00987186160396e-12,8.98446692686199e-13
1.00956279330859e-12,9.02763918774808e-13
1.00927020625333e-12,9.07106036655806e-13
1.00899414215798e-12,9.11473073598439e-13
1.00873463905981e-12,9.15865058416872e-13
1.00849173129359e-12,9.20282021615653e-13
1.00826544947544e-12,9.24723995534834e-13
1.00805582049088e-12,9.29191014494417e-13
1.00786286748668e-12,9.33683114937842e-13
1.00768660986679e-12,9.38200335574148e-13
1.00752706329196e-12,9.42742717518402e-13
1.00738423968329e-12,9.47310304430215e-13
1.00725814722952e-12,9.51903142649888e-13
1.00714879039791e-12,9.56521281331887e-13
1.00705616994884e-12,9.61164772575324e-13
1.00698028295393e-12,9.65833671551098e-13
1.00692112281755e-12,9.70528036625388e-13
1.00687867930173e-12,9.75247929479091e-13
1.00685293855442e-12,9.79993415222988e-13
1.00684388314079e-12,9.8476456250823e-13
1.00685149207777e-12,9.89561443631857e-13
1.00687574087144e-12,9.94384134637012e-13
1.00691660155734e-12,9.99232715407579e-13
1.00697404274362e-12,1.0041072697569e-12
1.00704802965665e-12,1.00900788551027e-12
1.00713852418933e-12,1.01393465458096e-12
1.00724548495176e-12,1.01888767303943e-12
1.0073688673241e-12,1.02386704117548e-12
1.00750862351168e-12,1.02887286355308e-12
1.00766470260212e-12,1.03390524905762e-12
