1.09616862878703e-12,1.37236819888551e-12
1.10084674028238e-12,1.37634594315066e-12
1.10554007632104e-12,1.38026112769506e-12
1.11024786625406e-12,1.38411239192174e-12
1.11496932287241e-12,1.38789838120545e-12
1.11970364263425e-12,1.39161774771103e-12
1.12445000590611e-12,1.39526915121764e-12
1.12920757721792e-12,1.39885125994802e-12
1.13397550553163e-12,1.40236275140231e-12
1.13875292452342e-12,1.40580231319573e-12
1.14353895287936e-12,1.40916864389962e-12
1.14833269460436e-12,1.412460453885e-12
1.15313323934423e-12,1.4156764661682e-12
1.15793966272076e-12,1.41881541725783e-12
1.16275102667949e-12,1.42187605800244e-12
1.16756637985021e-12,1.42485715443812e-12
1.17238475791972e-12,1.42775748863559e-12
1.17720518401688e-12,1.43057585954589e-12
1.18202666910951e-12,1.43331108384402e-12
1.18684821241309e-12,1.43596199676998e-12
1.19166880181084e-12,1.43852745296641e-12
1.19648741428504e-12,1.44100632731213e-12
1.20130301635925e-12,1.44339751575093e-12
1.20611456455123e-12,1.44569993611492e-12
1.21092100583607e-12,1.44791252894172e-12
1.2157212781195e-12,1.45003425828479e-12
1.22051431072087e-12,1.45206411251624e-12
1.22529902486546e-12,1.45400110512136e-12
1.23007433418601e-12,1.45584427548425e-12
1.23483914523278e-12,1.4575926896638e-12
1.23959235799214e-12,1.45924544115938e-12
1.24433286641309e-12,1.46080165166552e-12
1.2490595589414e-12,1.46226047181488e-12
1.25377131906104e-12,1.46362108190891e-12
1.25846702584248e-12,1.46488269263549e-12
1.2631455544975e-12,1.4660445457728e-12
1.26780577693995e-12,1.46710591487895e-12
1.27244656235237e-12,1.46806610596655e-12
1.27706677775772e-12,1.46892445816163e-12
1.281665288596e-12,1.46968034434638e-12
1.28624095930533e-12,1.4703331717849e-12
1.29079265390692e-12,1.47088238273149e-12
1.29531923659366e-12,1.47132745502084e-12
1.29981957232183e-12,1.47166790263956e-12
1.3042925274054e-12,1.47190327627833e-12
1.30873697011263e-12,1.47203316386437e-12
1.31315177126441e-12,1.47205719107339e-12
1.3175358048339e-12,1.47197502182068e-12
1.32188794854708e-12,1.47178635873076e-12
1.32620708448362e-12,1.47149094358506e-12
1.33049209967778e-12,1.47108855774713e-12
1.33474188671879e-12,1.470579022565e-12
1.33895534435016e-12,1.46996219975007e-12
1.34313137806764e-12,1.46923799173226e-12
1.34726890071527e-12,1.46840634199088e-12
1.35136683307906e-12,1.46746723536085e-12
1.35542410447781e-12,1.46642069831391e-12
1.35943965335072e-12,1.46526679921436e-12
1.36341242784121e-12,1.46400564854917e-12
1.36734138637656e-12,1.46263739913189e-12
1.37122549824293e-12,1.46116224628027e-12
1.37506374415529e-12,1.45958042796718e-12
1.37885511682175e-12,1.45789222494458e-12
1.38259862150198e-12,1.45609796084037e-12
1.38629327655919e-12,1.45419800222779e-12
1.38993811400525e-12,1.45219275866728e-12
1.39353218003856e-12,1.45008268272055e-12
1.39707453557414e-12,1.44786826993675e-12
1.40056425676575e-12,1.44555005881062e-12
1.40400043551931e-12,1.4431286307124e-12
1.40738217999752e-12,1.44060460978966e-12
1.41070861511509e-12,1.43797866284072e-12
1.41397888302428e-12,1.43525149915981e-12
1.41719214359031e-12,1.4324238703539e-12
1.42034757485632e-12,1.42949657013122e-12
1.4234443734975e-12,1.42647043406154e-12
1.42648175526399e-12,1.42334633930816e-12
1.42945895541227e-12,1.42012520433189e-12
1.43237522912468e-12,1.41680798856698e-12
1.43522985191667e-12,1.4133956920692e-12
1.43802212003161e-12,1.40988935513623e-12
1.44075135082268e-12,1.40629005790054e-12
1.4434168831217e-12,1.40259891989496e-12
1.44601807759448e-12,1.39881709959122e-12
1.44855431708251e-12,1.39494579391171e-12
1.45102500693074e-12,1.39098623771468e-12
1.45342957530098e-12,1.3869397032533e-12
1.4557674734711e-12,1.3828074996088e-12
1.45803817611932e-12,1.37859097209815e-12
1.46024118159372e-12,1.37429150165661e-12
1.46237601216666e-12,1.36991050419554e-12
1.46444221427383e-12,1.3654494299359e-12
1.46643935873793e-12,1.36090976271799e-12
1.46836704097662e-12,1.35629301928769e-12
1.47022488119478e-12,1.35160074855995e-12
1.47201252456073e-12,1.34683453085982e-12
1.47372964136653e-12,1.3419959771417e-12
1.475375927172e-12,1.33708672818732e-12
1.47695110293257e-12,1.33210845378297e-12
1.47845491511073e-12,1.32706285187674e-12
1.47988713577108e-12,1.32195164771617e-12
1.48124756265893e-12,1.31677659296708e-12
1.48253601926233e-12,1.31153946481428e-12
1.48375235485762e-12,1.30624206504462e-12
1.48489644453838e-12,1.30088621911335e-12
1.48596818922783e-12,1.29547377519422e-12
1.48696751567468e-12,1.29000660321422e-12
1.48789437643245e-12,1.28448659387365e-12
1.48874874982236e-12,1.27891565765224e-12
1.48953063987968e-12,1.27329572380209e-12
1.49024007628387e-12,1.26762873932826e-12
1.4908771142723e-12,1.26191666795769e-12
1.49144183453788e-12,1.25616148909734e-12
1.49193434311063e-12,1.25036519678239e-12
1.49235477122316e-12,1.24452979861521e-12
1.49270327516054e-12,1.23865731469597e-12
1.49298003609431e-12,1.23274977654581e-12
1.49318525990115e-12,1.22680922602334e-12
1.49331917696605e-12,1.22083771423527e-12
1.4933820419705e-12,1.21483730044223e-12
1.4933741336656e-12,1.20881005096039e-12
1.49329575463057e-12,1.20275803806001e-12
1.49314723101658e-12,1.19668333886152e-12
1.49292891227647e-12,1.19058803423027e-12
1.49264117088035e-12,1.18447420767068e-12
1.49228440201745e-12,1.17834394422071e-12
1.49185902328449e-12,1.17219932934751e-12
1.49136547436078e-12,1.16604244784518e-12
1.49080421667048e-12,1.1598753827355e-12
1.49017573303211e-12,1.15370021417246e-12
1.48948052729586e-12,1.14751901835157e-12
1.48871912396882e-12,1.14133386642476e-12
1.48789206782863e-12,1.13514682342166e-12
1.48699992352565e-12,1.12895994717833e-12
1.48604327517437e-12,1.12277528727407e-12
1.48502272593397e-12,1.11659488397735e-12
1.48393889757877e-12,1.11042076720153e-12
1.48279243005875e-12,1.10425495547136e-12
1.48158398105054e-12,1.09809945490095e-12
1.48031422549931e-12,1.09195625818416e-12
1.47898385515191e-12,1.08582734359808e-12
1.47759357808169e-12,1.07971467402043e-12
1.47614411820538e-12,1.07362019596176e-12
1.47463621479249e-12,1.06754583861306e-12
1.47307062196752e-12,1.0614935129096e-12
1.47144810820562e-12,1.05546511061176e-12
1.4697694558218e-12,1.04946250340354e-12
1.46803546045452e-12,1.0434875420094e-12
1.46624693054371e-12,1.03754205533029e-12
1.46440468680389e-12,1.03162784959923e-12
1.46250956169278e-12,1.02574670755747e-12
1.46056239887576e-12,1.01990038765152e-12
1.45856405268672e-12,1.01409062325186e-12
1.45651538758565e-12,1.00831912189383e-12
1.45441727761355e-12,1.00258756454135e-12
1.4522706058449e-12,9.96897604873888e-13
1.45007626383833e-12,9.91250868597328e-13
1.44783515108583e-12,9.85648952779161e-13
1.44554817446096e-12,9.80093425208498e-13
1.44321624766648e-12,9.7458582378136e-13
1.44084029068189e-12,9.69127655911666e-13
1.43842122921134e-12,9.63720397968364e-13
1.43595999413216e-12,9.58365494738971e-13
1.43345752094473e-12,9.53064358920057e-13
1.43091474922386e-12,9.47818370634793e-13
1.42833262207229e-12,9.42628876978053e-13
1.42571208557661e-12,9.37497191589201e-13
1.42305408826607e-12,9.32424594252909e-13
1.42035958057469e-12,9.27412330528144e-13
1.41762951430713e-12,9.22461611405622e-13
1.41486484210853e-12,9.17573612993754e-13
1.41206651693906e-12,9.12749476233385e-13
1.40923549155311e-12,9.07990306641264e-13
1.40637271798403e-12,9.03297174082495e-13
1.4034791470343e-12,8.986711125719e-13
1.40055572777186e-12,8.9411312010436e-13
1.39760340703279e-12,8.89624158514153e-13
1.39462312893073e-12,8.8520515336322e-13
1.39161583437337e-12,8.80856993858366e-13
1.38858246058642e-12,8.76580532797181e-13
1.38552394064533e-12,8.72376586542734e-13
1.382441203015e-12,8.68245935026769e-13
1.37933517109803e-12,8.64189321781286e-13
1.37620676279153e-12,8.60207453998295e-13
1.37305689005302e-12,8.56301002617531e-13
1.36988645847548e-12,8.52470602441875e-13
1.36669636687207e-12,8.48716852280189e-13
1.36348750687053e-12,8.45040315117274e-13
1.36026076251776e-12,8.41441518310613e-13
1.35701700989453e-12,8.37920953813538e-13
1.35375711674087e-12,8.34479078424477e-13
1.35048194209212e-12,8.31116314061796e-13
1.34719233592589e-12,8.27833048063874e-13
1.34388913882026e-12,8.24629633513943e-13
1.34057318162324e-12,8.21506389589193e-13
1.33724528513371e-12,8.1846360193363e-13
1.33390625979405e-12,8.15501523054203e-13
1.3305569053946e-12,8.12620372739632e-13
1.32719801079e-12,8.09820338501373e-13
1.3238303536276e-12,8.07101576036105e-13
1.32045470008813e-12,8.04464209709177e-13
1.3170718046385e-12,8.01908333058348e-13
1.31368240979713e-12,7.99434009317212e-13
1.31028724591154e-12,7.97041271957573e-13
1.30688703094862e-12,7.94730125250209e-13
1.30348247029729e-12,7.92500544843191e-13
1.30007425658387e-12,7.90352478357132e-13
1.29666306949999e-12,7.88285845996626e-13
1.29324957564314e-12,7.86300541177068e-13
1.28983442836991e-12,7.84396431166244e-13
1.28641826766176e-12,7.82573357739736e-13
1.28300172000344e-12,7.80831137849532e-13
1.27958539827395e-12,7.79169564304906e-13
1.27616990165009e-12,7.77588406464922e-13
1.2727558155223e-12,7.76087410941587e-13
1.26934371142308e-12,7.74666302312981e-13
1.26593414696761e-12,7.73324783845452e-13
1.26252766580659e-12,7.72062538224057e-13
1.25912479759124e-12,7.70879228290474e-13
1.25572605795027e-12,7.69774497787453e-13
1.25233194847867e-12,7.68747972109041e-13
1.24894295673838e-12,7.67799259055681e-13
1.24555955627037e-12,7.66927949593401e-13
1.24218220661833e-12,7.66133618616174e-13
1.23881135336349e-12,7.65415825710638e-13
1.23544742817062e-12,7.6477411592237e-13
1.2320908488449e-12,7.64208020522761e-13
1.22874201939951e-12,7.63717057775795e-13
1.22540133013374e-12,7.63300733703785e-13
1.22206915772139e-12,7.62958542851282e-13
1.21874586530928e-12,7.62689969046336e-13
1.2154318026255e-12,7.62494486158281e-13
1.21212730609742e-12,7.62371558851231e-13
1.20883269897897e-12,7.6232064333252e-13
1.20554829148708e-12,7.62341188095238e-13
1.20227438094694e-12,7.62432634654165e-13
1.19901125194586e-12,7.62594418274236e-13
1.19575917649554e-12,7.62825968690907e-13
1.19251841420221e-12,7.6312671082153e-13
1.18928921244471e-12,7.63496065467158e-13
1.18607180655993e-12,7.63933450003976e-13
1.18286642003545e-12,7.64438279063674e-13
1.17967326470911e-12,7.65009965202151e-13
1.17649254097508e-12,7.65647919555751e-13
1.17332443799633e-12,7.66351552484564e-13
1.17016913392286e-12,7.67120274202e-13
1.16702679611582e-12,7.67953495390142e-13
1.16389758137675e-12,7.68850627800266e-13
1.16078163618202e-12,7.69811084837934e-13
1.15767909692181e-12,7.70834282132152e-13
1.1545900901436e-12,7.71919638088048e-13
1.15151473279957e-12,7.73066574422623e-13
1.14845313249787e-12,7.7427451668302e-13
1.14540538775717e-12,7.75542894746931e-13
1.14237158826441e-12,7.76871143304712e-13
1.13935181513511e-12,7.78258702322736e-13
1.13634614117635e-12,7.79705017487715e-13
1.13335463115161e-12,7.81209540631539e-13
1.13037734204759e-12,7.82771730136405e-13
1.12741432334232e-12,7.8439105131984e-13
1.12446561727452e-12,7.86066976799449e-13
1.12153125911369e-12,7.87798986837067e-13
1.11861127743079e-12,7.89586569662117e-13
1.11570569436903e-12,7.91429221774048e-13
1.11281452591457e-12,7.93326448223587e-13
1.1099377821668e-12,7.95277762872769e-13
1.10707546760787e-12,7.97282688633578e-13
1.10422758137121e-12,7.9934075768516e-13
1.10139411750871e-12,8.01451511669538e-13
1.09857506525632e-12,8.03614501865832e-13
1.09577040929769e-12,8.05829289342952e-13
1.09298013002572e-12,8.08095445090859e-13
1.09020420380159e-12,8.10412550130403e-13
1.08744260321112e-12,8.12780195601871e-13
1.08469529731814e-12,8.15197982832336e-13
1.0819622519146e-12,8.17665523381973e-13
1.07924342976728e-12,8.20182439069524e-13
1.07653879086064e-12,8.2274836197707e-13
1.0738482926359e-12,8.25362934434402e-13
1.07117189022575e-12,8.28025808983205e-13
1.06850953668478e-12,8.30736648321353e-13
1.06586118321527e-12,8.33495125227575e-13
1.06322677938814e-12,8.36300922466942e-13
1.06060627335887e-12,8.39153732677368e-13
1.05799961207827e-12,8.42053258237657e-13
1.05540674149786e-12,8.44999211117402e-13
1.05282760676964e-12,8.47991312709201e-13
1.0502621524402e-12,8.51029293643661e-13
1.04771032263897e-12,8.541128935876e-13
1.04517206126041e-12,8.5724186102601e-13
1.04264731214012e-12,8.60415953028256e-13
1.04013601922458e-12,8.63634934999037e-13
1.03763812673463e-12,8.66898580414707e-13
1.03515357932234e-12,8.70206670545486e-13
1.03268232222136e-12,8.7355899416414e-13
1.03022430139052e-12,8.76955347241806e-13
1.02777946365078e-12,8.80395532631501e-13
1.02534775681519e-12,8.83879359740009e-13
1.02292912981212e-12,8.87406644188757e-13
1.02052353280142e-12,8.90977207464388e-13
