1.75373866483443e-12,2.02335375824681e-12
1.75443312449172e-12,2.02937220149316e-12
1.75512505030934e-12,2.03540272523359e-12
1.75581443979501e-12,2.04144530057407e-12
1.75650129041966e-12,2.04749989805839e-12
1.75718559961748e-12,2.05356648766546e-12
1.75786736478587e-12,2.05964503880661e-12
1.75854658328547e-12,2.06573552032302e-12
1.75922325244015e-12,2.07183790048294e-12
1.75989736953701e-12,2.07795214697911e-12
1.76056893182642e-12,2.08407822692609e-12
1.76123793652201e-12,2.0902161068576e-12
1.76190438080066e-12,2.09636575272389e-12
1.76256826180256e-12,2.10252712988916e-12
1.7632295766312e-12,2.10870020312882e-12
1.76388832235337e-12,2.11488493662696e-12
1.76454449599924e-12,2.1210812939737e-12
1.76519809456231e-12,2.12728923816258e-12
1.76584911499946e-12,2.13350873158793e-12
1.766497554231e-12,2.13973973604233e-12
1.76714340914067e-12,2.14598221271392e-12
1.76778667657568e-12,2.15223612218391e-12
1.7684273533467e-12,2.1585014244239e-12
1.76906543622797e-12,2.16477807879339e-12
1.76970092195726e-12,2.17106604403711e-12
1.77033380723592e-12,2.17736527828251e-12
1.77096408872895e-12,2.18367573903719e-12
1.77159176306501e-12,2.18999738318631e-12
1.77221682683645e-12,2.19633016699003e-12
1.77283927659937e-12,2.20267404608101e-12
1.77345910887365e-12,2.2090289754618e-12
1.77407632014301e-12,2.21539490950232e-12
1.77469090685501e-12,2.22177180193734e-12
1.77530286542115e-12,2.22815960586392e-12
1.77591219221688e-12,2.23455827373887e-12
1.77651888358167e-12,2.24096775737628e-12
1.77712293581904e-12,2.2473880079449e-12
1.77772434519661e-12,2.25381897596574e-12
1.77832310794618e-12,2.26026061130947e-12
1.77891922026374e-12,2.26671286319393e-12
1.77951267830957e-12,2.27317568018166e-12
1.78010347820823e-12,2.27964901017732e-12
1.7806916160487e-12,2.28613280042529e-12
1.78127708788437e-12,2.29262699750709e-12
1.7818598897331e-12,2.29913154733894e-12
1.78244001757733e-12,2.30564639516927e-12
1.78301746736409e-12,2.31217148557618e-12
1.78359223500508e-12,2.31870676246504e-12
1.78416431637672e-12,2.32525216906595e-12
1.78473370732023e-12,2.33180764793128e-12
1.78530040364167e-12,2.33837314093322e-12
1.78586440111202e-12,2.34494858926129e-12
1.78642569546725e-12,2.35153393341988e-12
1.78698428240835e-12,2.35812911322577e-12
1.78754015760143e-12,2.36473406780568e-12
1.78809331667777e-12,2.37134873559384e-12
1.78864375523392e-12,2.37797305432948e-12
1.78919146883169e-12,2.38460696105441e-12
1.7897364529983e-12,2.39125039211056e-12
1.79027870322641e-12,2.39790328313755e-12
1.79081821497417e-12,2.40456556907017e-12
1.79135498366534e-12,2.41123718413603e-12
1.79188900468932e-12,2.41791806185306e-12
1.79242027340124e-12,2.42460813502707e-12
1.792948785122e-12,2.43130733574932e-12
1.79347453513838e-12,2.43801559539408e-12
1.7939975187031e-12,2.44473284461617e-12
1.79451773103487e-12,2.45145901334855e-12
1.79503516731848e-12,2.4581940307999e-12
1.79554982270487e-12,2.46493782545209e-12
1.79606169231119e-12,2.47169032505787e-12
1.79657077122092e-12,2.47845145663837e-12
1.79707705448387e-12,2.48522114648067e-12
1.79758053711629e-12,2.49199932013536e-12
1.79808121410095e-12,2.49878590241412e-12
1.7985790803872e-12,2.5055808173873e-12
1.79907413089104e-12,2.5123839883815e-12
1.79956636049522e-12,2.51919533797705e-12
1.80005576404926e-12,2.52601478800571e-12
1.80054233636958e-12,2.53284225954814e-12
1.80102607223954e-12,2.53967767293149e-12
1.8015069664095e-12,2.54652094772701e-12
1.80198501359695e-12,2.55337200274757e-12
1.8024602084865e-12,2.56023075604523e-12
1.80293254573005e-12,2.56709712490883e-12
1.80340201994676e-12,2.57397102586156e-12
1.80386862572319e-12,2.58085237465848e-12
1.80433235761335e-12,2.58774108628414e-12
1.8047932101388e-12,2.5946370749501e-12
1.80525117778865e-12,2.60154025409253e-12
1.80570625501971e-12,2.60845053636971e-12
1.80615843625653e-12,2.61536783365968e-12
1.80660771589143e-12,2.62229205705773e-12
1.80705408828465e-12,2.62922311687396e-12
1.80749754776436e-12,2.63616092263086e-12
1.80793808862674e-12,2.64310538306088e-12
1.80837570513608e-12,2.65005640610392e-12
1.80881039152479e-12,2.65701389890495e-12
1.80924214199353e-12,2.6639777678115e-12
1.80967095071123e-12,2.67094791837127e-12
1.8100968118152e-12,2.67792425532961e-12
1.81051971941116e-12,2.6849066826271e-12
1.81093966757332e-12,2.6918951033971e-12
1.81135665034445e-12,2.69888941996327e-12
1.81177066173594e-12,2.70588953383709e-12
1.81218169572786e-12,2.71289534571544e-12
1.81258974626904e-12,2.71990675547811e-12
1.81299480727711e-12,2.7269236621853e-12
1.81339687263859e-12,2.73394596407523e-12
1.81379593620892e-12,2.74097355856155e-12
1.81419199181257e-12,2.74800634223099e-12
1.81458503324305e-12,2.75504421084077e-12
1.81497505426298e-12,2.76208705931619e-12
1.81536204860419e-12,2.76913478174811e-12
1.81574600996773e-12,2.7761872713905e-12
1.81612693202395e-12,2.78324442065791e-12
1.81650480841257e-12,2.79030612112298e-12
1.8168796327427e-12,2.79737226351401e-12
1.81725139859295e-12,2.80444273771237e-12
1.81762009951144e-12,2.81151743275009e-12
1.81798572901585e-12,2.81859623680727e-12
1.81834828059353e-12,2.82567903720968e-12
1.8187077477015e-12,2.83276572042615e-12
1.81906412376652e-12,2.83985617206615e-12
1.81941740218515e-12,2.8469502768772e-12
1.81976757632379e-12,2.85404791874244e-12
1.82011463951872e-12,2.86114898067805e-12
1.8204585850762e-12,2.86825334483074e-12
1.82079940627244e-12,2.87536089247529e-12
1.82113709635374e-12,2.88247150401195e-12
1.82147164853644e-12,2.88958505896398e-12
1.82180305600704e-12,2.89670143597506e-12
1.82213131192223e-12,2.90382051280684e-12
1.82245640940891e-12,2.91094216633636e-12
1.82277834156426e-12,2.91806627255351e-12
1.82309710145577e-12,2.92519270655856e-12
1.82341268212131e-12,2.93232134255957e-12
1.8237250765691e-12,2.93945205386985e-12
1.82403427777786e-12,2.9465847129055e-12
1.82434027869676e-12,2.95371919118278e-12
1.82464307224549e-12,2.96085535931563e-12
1.82494265131433e-12,2.96799308701312e-12
1.82523900876412e-12,2.9751322430769e-12
1.82553213742638e-12,2.98227269539871e-12
1.82582203010327e-12,2.98941431095772e-12
1.82610867956768e-12,2.99655695581818e-12
1.82639207856325e-12,3.00370049512666e-12
1.8266722198044e-12,3.01084479310972e-12
1.82694909597636e-12,3.01798971307126e-12
1.82722269973521e-12,3.02513511738996e-12
1.82749302370793e-12,3.03228086751681e-12
1.8277600604924e-12,3.03942682397258e-12
1.82802380265745e-12,3.0465728463452e-12
1.82828424274291e-12,3.05371879328737e-12
1.82854137325958e-12,3.06086452251388e-12
1.82879518668935e-12,3.06800989079918e-12
1.82904567548514e-12,3.07515475397484e-12
1.82929283207098e-12,3.08229896692698e-12
1.82953664884204e-12,3.08944238359385e-12
1.82977711816462e-12,3.09658485696321e-12
1.83001423237624e-12,3.1037262390699e-12
1.8302479837856e-12,3.11086638099327e-12
1.83047836467264e-12,3.11800513285473e-12
1.83070536728857e-12,3.12514234381524e-12
1.83092898385588e-12,3.13227786207279e-12
1.8311492065684e-12,3.13941153485997e-12
1.83136602759126e-12,3.14654320844142e-12
1.83157943906099e-12,3.15367272811143e-12
1.83178943308547e-12,3.16079993819142e-12
1.83199600174403e-12,3.16792468202751e-12
1.83219913708741e-12,3.17504680198807e-12
1.83239883113784e-12,3.18216613946126e-12
1.832595075889e-12,3.18928253485261e-12
1.8327878633061e-12,3.19639582758257e-12
1.83297718532586e-12,3.20350585608416e-12
1.83316303385658e-12,3.21061245780048e-12
1.83334540077813e-12,3.2177154691824e-12
1.83352427794195e-12,3.22481472568608e-12
1.83369965717116e-12,3.23191006177072e-12
1.83387153026047e-12,3.2390013108961e-12
1.8340398889763e-12,3.24608830552027e-12
1.83420472505673e-12,3.25317087709722e-12
1.8343660302116e-12,3.26024885607458e-12
1.83452379612246e-12,3.26732207189128e-12
1.83467801444262e-12,3.27439035297529e-12
1.83482867679721e-12,3.28145352674133e-12
1.83497577478313e-12,3.28851141958861e-12
1.83511929996917e-12,3.29556385689864e-12
1.83525924389594e-12,3.30261066303293e-12
1.83539559807597e-12,3.30965166133085e-12
1.83552835399369e-12,3.31668667410742e-12
1.83565750310548e-12,3.32371552265118e-12
1.83578303683969e-12,3.33073802722199e-12
1.83590494659667e-12,3.33775400704896e-12
1.83602322374879e-12,3.34476328032831e-12
1.83613785964049e-12,3.35176566422135e-12
1.83624884558828e-12,3.35876097485238e-12
1.83635617288081e-12,3.36574902730667e-12
1.83645983277887e-12,3.37272963562849e-12
1.83655981651542e-12,3.37970261281909e-12
1.83665611529567e-12,3.38666777083479e-12
1.83674872029704e-12,3.39362492058502e-12
1.83683762266927e-12,3.40057387193048e-12
1.83692281353442e-12,3.40751443368123e-12
1.8370042839869e-12,3.41444641359489e-12
1.83708202509353e-12,3.42136961837481e-12
1.83715602789358e-12,3.42828385366833e-12
1.83722628339879e-12,3.43518892406506e-12
1.83729278259345e-12,3.44208463309512e-12
1.83735551643442e-12,3.44897078322755e-12
1.83741447585116e-12,3.45584717586861e-12
1.83746965174582e-12,3.46271361136026e-12
1.83752103499327e-12,3.46956988897855e-12
1.83756861644113e-12,3.47641580693215e-12
1.83761238690988e-12,3.48325116236085e-12
1.83765233719285e-12,3.49007575133413e-12
1.83768845805631e-12,3.49688936884983e-12
1.83772074023955e-12,3.50369180883272e-12
1.83774917445489e-12,3.51048286413324e-12
1.83777375138778e-12,3.51726232652629e-12
1.83779446169687e-12,3.52402998670994e-12
1.83781129601404e-12,3.53078563430436e-12
1.83782424494452e-12,3.53752905785066e-12
1.8378332990669e-12,3.54426004480982e-12
1.8378384489333e-12,3.55097838156177e-12
1.83783968506933e-12,3.55768385340436e-12
1.83783699797426e-12,3.56437624455246e-12
1.83783037812108e-12,3.57105533813723e-12
1.83781981595656e-12,3.57772091620518e-12
1.83780530190136e-12,3.58437275971758e-12
1.83778682635014e-12,3.59101064854972e-12
1.83776437967159e-12,3.59763436149034e-12
1.83773795220861e-12,3.60424367624108e-12
1.83770753427835e-12,3.61083836941602e-12
1.83767311617236e-12,3.61741821654126e-12
1.83763468815662e-12,3.62398299205455e-12
1.83759224047175e-12,3.63053246930506e-12
1.83754576333305e-12,3.63706642055315e-12
1.83749524693067e-12,3.64358461697028e-12
1.83744068142967e-12,3.65008682863884e-12
1.83738205697019e-12,3.6565728245523e-12
1.8373193636676e-12,3.66304237261523e-12
1.83725259161255e-12,3.66949523964342e-12
1.83718173087118e-12,3.67593119136422e-12
1.83710677148524e-12,3.68234999241682e-12
1.83702770347223e-12,3.68875140635265e-12
1.83694451682555e-12,3.69513519563589e-12
1.83685720151463e-12,3.70150112164401e-12
1.83676574748515e-12,3.70784894466849e-12
1.83667014465911e-12,3.71417842391552e-12
1.83657038293511e-12,3.72048931750689e-12
1.83646645218842e-12,3.7267813824809e-12
1.83635834227119e-12,3.73305437479332e-12
1.83624604301265e-12,3.73930804931865e-12
1.83612954421927e-12,3.74554215985123e-12
1.83600883567499e-12,3.75175645910661e-12
1.83588390714134e-12,3.75795069872292e-12
1.83575474835772e-12,3.76412462926246e-12
1.83562134904156e-12,3.77027800021327e-12
1.83548369888855e-12,3.77641055999087e-12
1.83534178757284e-12,3.78252205594011e-12
1.83519560474727e-12,3.78861223433711e-12
1.83504514004362e-12,3.79468084039136e-12
1.83489038307281e-12,3.80072761824778e-12
1.83473132342516e-12,3.80675231098913e-12
1.8345679506706e-12,3.81275466063837e-12
1.83440025435899e-12,3.81873440816117e-12
1.83422822402032e-12,3.82469129346854e-12
1.83405184916497e-12,3.83062505541963e-12
1.83387111928402e-12,3.83653543182462e-12
1.83368602384951e-12,3.84242215944774e-12
1.8334965523147e-12,3.84828497401036e-12
1.8333026941144e-12,3.85412361019438e-12
1.8331044386652e-12,3.85993780164548e-12
1.83290177536587e-12,3.86572728097686e-12
1.83269469359757e-12,3.87149177977274e-12
1.83248318272423e-12,3.87723102859229e-12
1.83226723209287e-12,3.88294475697356e-12
1.83204683103387e-12,3.88863269343759e-12
1.8318219688614e-12,3.89429456549263e-12
1.83159263487367e-12,3.89993009963853e-12
1.83135881835336e-12,3.9055390213714e-12
1.83112050856796e-12,3.91112105518816e-12
1.83087769477008e-12,3.91667592459144e-12
1.83063036619792e-12,3.92220335209462e-12
1.83037851207557e-12,3.92770305922693e-12
1.83012212161345e-12,3.93317476653884e-12
1.82986118400869e-12,3.93861819360751e-12
1.82959568844555e-12,3.94403305904243e-12
1.82932562409582e-12,3.94941908049125e-12
1.82905098011923e-12,3.95477597464575e-12
1.82877174566394e-12,3.960103457248e-12
1.8284879098669e-12,3.96540124309667e-12
1.82819946185437e-12,3.97066904605365e-12
1.82790639074233e-12,3.97590657905049e-12
1.82760868563696e-12,3.98111355409547e-12
1.82730633563517e-12,3.98628968228062e-12
1.82699932982492e-12,3.99143467378875e-12
1.82668765728597e-12,3.99654823790119e-12
1.8263713070901e-12,4.00163008300504e-12
