1.22256957564058e-12,4.75322797015749e-13
1.22011511010471e-12,4.76052869005929e-13
1.21767681379922e-12,4.76815294295102e-13
1.21525464230185e-12,4.77610093481293e-13
1.21284854982894e-12,4.78437282935199e-13
1.21045848918749e-12,4.79296874645618e-13
1.20808441172987e-12,4.80188876073109e-13
1.20572626731119e-12,4.81113290012185e-13
1.20338400424941e-12,4.82070114462334e-13
1.20105756928832e-12,4.83059342508194e-13
1.19874690756331e-12,4.84080962209102e-13
1.19645196257016e-12,4.85134956498257e-13
1.19417267613671e-12,4.86221303091731e-13
1.19190898839755e-12,4.87339974407468e-13
1.18966083777172e-12,4.88490937494419e-13
1.18742816094346e-12,4.89674153971975e-13
1.1852108928459e-12,4.90889579979718e-13
1.18300896664798e-12,4.92137166137627e-13
1.18082231374415e-12,4.93416857516676e-13
1.1786508637473e-12,4.94728593619902e-13
1.17649454448458e-12,4.9607230837385e-13
1.17435328199616e-12,4.97447930130349e-13
1.17222700053704e-12,4.98855381678531e-13
1.17011562258156e-12,5.00294580266915e-13
1.16801906883093e-12,5.01765437635459e-13
1.16593725822345e-12,5.03267860057325e-13
1.16387010794746e-12,5.04801748390165e-13
1.16181753345693e-12,5.06366998136652e-13
1.15977944848971e-12,5.07963499513986e-13
1.15775576508818e-12,5.09591137532042e-13
1.15574639362239e-12,5.11249792079808e-13
1.15375124281554e-12,5.12939338019762e-13
1.15177021977167e-12,5.14659645289745e-13
1.14980323000554e-12,5.16410579011934e-13
1.14785017747449e-12,5.18191999608435e-13
1.14591096461237e-12,5.20003762923018e-13
1.14398549236521e-12,5.21845720348475e-13
1.14207366022864e-12,5.23717718959107e-13
1.14017536628701e-12,5.2561960164772e-13
1.13829050725395e-12,5.27551207266621e-13
1.13641897851433e-12,5.29512370771987e-13
1.13456067416756e-12,5.31502923370988e-13
1.13271548707203e-12,5.33522692671072e-13
1.13088330889057e-12,5.35571502830715e-13
1.12906403013689e-12,5.37649174711031e-13
1.12725754022278e-12,5.39755526027539e-13
1.12546372750613e-12,5.41890371501433e-13
1.12368247933934e-12,5.44053523009631e-13
1.12191368211836e-12,5.46244789732957e-13
1.12015722133201e-12,5.48463978301729e-13
1.11841298161153e-12,5.50710892938041e-13
1.11668084678031e-12,5.5298533559408e-13
1.11496069990356e-12,5.55287106085735e-13
1.11325242333791e-12,5.57616002220811e-13
1.11155589878088e-12,5.59971819921178e-13
1.10987100731998e-12,5.62354353338143e-13
1.10819762948141e-12,5.64763394960375e-13
1.10653564527831e-12,5.67198735713736e-13
1.10488493425838e-12,5.69660165052322e-13
1.10324537555092e-12,5.72147471040136e-13
1.10161684791294e-12,5.74660440422729e-13
1.09999922977461e-12,5.77198858688211e-13
1.09839239928369e-12,5.79762510117084e-13
1.09679623434902e-12,5.82351177820304e-13
1.0952106126829e-12,5.84964643765059e-13
1.09363541184243e-12,5.87602688787742e-13
1.09207050926963e-12,5.90265092593694e-13
1.09051578233031e-12,5.92951633743175e-13
1.08897110835172e-12,5.95662089623256e-13
1.08743636465883e-12,5.98396236405179e-13
1.08591142860928e-12,6.01153848986877e-13
1.08439617762693e-12,6.03934700920326e-13
1.08289048923397e-12,6.06738564323495e-13
1.08139424108163e-12,6.09565209776617e-13
1.07990731097938e-12,6.1241440620265e-13
1.07842957692265e-12,6.15285920731754e-13
1.07696091711913e-12,6.18179518549688e-13
1.07550121001351e-12,6.21094962730079e-13
1.07405033431077e-12,6.24032014050574e-13
1.07260816899794e-12,6.2699043079289e-13
1.07117459336449e-12,6.29969968526862e-13
1.06974948702113e-12,6.32970379878641e-13
1.06833272991727e-12,6.35991414283227e-13
1.06692420235701e-12,6.39032817721543e-13
1.06552378501379e-12,6.42094332442406e-13
1.06413135894363e-12,6.4517569666968e-13
1.06274680559708e-12,6.48276644295021e-13
1.06137000682993e-12,6.5139690455668e-13
1.06000084491254e-12,6.54536201704833e-13
1.05863920253816e-12,6.5769425465399e-13
1.05728496282995e-12,6.60870776623094e-13
1.05593800934699e-12,6.64065474763971e-13
1.05459822608924e-12,6.67278049778774e-13
1.05326549750147e-12,6.70508195527243e-13
1.0519397084763e-12,6.73755598624541e-13
1.05062074435639e-12,6.77019938030508e-13
1.04930849093579e-12,6.80300884631243e-13
1.04800283446054e-12,6.83598100813949e-13
1.04670366162864e-12,6.86911240036016e-13
1.04541085958941e-12,6.90239946389393e-13
1.04412431594223e-12,6.9358385416128e-13
1.04284391873489e-12,6.96942587392284e-13
1.04156955646151e-12,7.00315759433185e-13
1.04030111806007e-12,7.03702972501453e-13
1.03903849290974e-12,7.07103817238813e-13
1.03778157082795e-12,7.10517872271021e-13
1.03653024206734e-12,7.13944703771207e-13
1.03528439731263e-12,7.17383865028059e-13
1.03404392767749e-12,7.2083489602018e-13
1.03280872470144e-12,7.24297322998007e-13
1.03157868034691e-12,7.27770658074626e-13
1.03035368699641e-12,7.31254398826951e-13
1.02913363744997e-12,7.34748027908585e-13
1.02791842492292e-12,7.38251012675905e-13
1.02670794304387e-12,7.41762804828674e-13
1.0255020858533e-12,7.45282840066765e-13
1.02430074780233e-12,7.48810537764304e-13
1.02310382375224e-12,7.52345300662803e-13
1.02191120897436e-12,7.55886514584618e-13
1.02072279915058e-12,7.59433548168272e-13
1.01953849037447e-12,7.62985752626964e-13
1.01835817915311e-12,7.66542461531789e-13
1.01718176240947e-12,7.70102990620982e-13
1.01600913748563e-12,7.73666637636622e-13
1.01484020214664e-12,7.77232682190129e-13
1.01367485458519e-12,7.80800385657893e-13
1.01251299342703e-12,7.84368991108358e-13
1.01135451773714e-12,7.8793772326179e-13
1.01019932702679e-12,7.91505788484026e-13
1.00904732126127e-12,7.95072374815338e-13
1.00789840086857e-12,7.98636652035614e-13
1.00675246674873e-12,8.02197771766958e-13
1.00560942028413e-12,8.05754867614741e-13
1.00446916335042e-12,8.09307055348142e-13
1.00333159832837e-12,8.12853433121128e-13
1.00219662811642e-12,8.16393081734762e-13
1.00106415614402e-12,8.19925064941672e-13
9.99934086385637e-13,8.23448429793458e-13
9.98806323375556e-13,8.26962207031751e-13
9.97680772223299e-13,8.30465411523516e-13
9.96557338629724e-13,8.33957042741236e-13
9.95435928903755e-13,8.37436085288395e-13
9.94316449979644e-13,8.40901509470683e-13
9.93198809434841e-13,8.44352271913312e-13
9.92082915508326e-13,8.47787316224608e-13
9.90968677119434e-13,8.51205573706118e-13
9.8985600388708e-13,8.54605964109268e-13
9.88744806149354e-13,8.57987396438582e-13
9.87634994983454e-13,8.61348769801365e-13
9.86526482225886e-13,8.64688974303678e-13
9.85419180492887e-13,8.68006891992307e-13
9.84313003201013e-13,8.71301397842362e-13
9.83207864587857e-13,8.74571360790071e-13
9.82103679732825e-13,8.7781564481016e-13
9.81000364577901e-13,8.81033110037204e-13
9.79897835948408e-13,8.84222613930221e-13
9.78796011573609e-13,8.87383012479589e-13
9.77694810107208e-13,8.90513161455428e-13
9.76594151147599e-13,8.93611917696377e-13
9.75493955257861e-13,8.96678140437624e-13
9.74394143985436e-13,8.99710692676984e-13
9.73294639881422e-13,9.02708442577694e-13
9.72195366519443e-13,9.05670264906519e-13
9.71096248514051e-13,9.08595042505664e-13
9.69997211538571e-13,9.11481667796865e-13
9.68898182342422e-13,9.14329044316045e-13
9.67799088767752e-13,9.17136088276651e-13
9.66699859765462e-13,9.1990173015994e-13
9.65600425410487e-13,9.22624916330151e-13
9.64500716916353e-13,9.25304610672607e-13
9.63400666648926e-13,9.27939796252631e-13
9.62300208139355e-13,9.30529476993062e-13
9.61199276096172e-13,9.33072679368163e-13
9.60097806416479e-13,9.35568454111516e-13
9.58995736196263e-13,9.38015877935634e-13
9.57893003739757e-13,9.40414055260641e-13
9.56789548567852e-13,9.42762119949719e-13
9.55685311425564e-13,9.4505923704854e-13
9.545802342885e-13,9.47304604526199e-13
9.53474260368321e-13,9.49497455014845e-13
9.52367334117255e-13,9.51637057545396e-13
9.51259401231567e-13,9.53722719276449e-13
9.50150408654043e-13,9.55753787213672e-13
9.49040304575503e-13,9.57729649916786e-13
9.47929038435308e-13,9.59649739191283e-13
9.46816560920876e-13,9.61513531761953e-13
9.45702823966296e-13,9.63320550925386e-13
9.44587780749956e-13,9.6507036817844e-13
9.43471385691261e-13,9.66762604819766e-13
9.423535944465e-13,9.68396933521515e-13
9.41234363903803e-13,9.69973079868151e-13
9.40113652177299e-13,9.71490823859605e-13
9.38991418600496e-13,9.72950001375735e-13
9.37867623718888e-13,9.74350505599219e-13
9.36742229281856e-13,9.75692288394041e-13
9.35615198233936e-13,9.76975361636671e-13
9.34486494705453e-13,9.78199798497166e-13
9.33356084002587e-13,9.79365734667363e-13
9.32223932596958e-13,9.80473369533487e-13
9.31090008114742e-13,9.81522967290458e-13
9.29954279325418e-13,9.82514857995266e-13
9.28816716130144e-13,9.83449438556847e-13
9.27677289549926e-13,9.84327173660007e-13
9.26535971713537e-13,9.8514859662085e-13
9.25392735845314e-13,9.85914310171472e-13
9.24247556252917e-13,9.86624987171593e-13
9.23100408315014e-13,9.87281371244877e-13
9.21951268469143e-13,9.87884277337989e-13
9.20800114199607e-13,9.88434592200203e-13
9.19646924025667e-13,9.88933274781831e-13
9.18491677489944e-13,9.89381356549504e-13
9.17334355147238e-13,9.89779941716762e-13
9.16174938553724e-13,9.90130207388271e-13
9.15013410256666e-13,9.90433403616258e-13
9.13849753784664e-13,9.90690853367763e-13
9.12683953638589e-13,9.90903952401604e-13
9.11515995283136e-13,9.910741690538e-13
9.10345865139211e-13,9.91203043930655e-13
9.09173550577093e-13,9.91292189508561e-13
9.07999039910516e-13,9.91343289639888e-13
9.06822322391687e-13,9.91358098964417e-13
9.05643388207294e-13,9.91338442225846e-13
9.04462228475605e-13,9.9128621349321e-13
9.03278835244646e-13,9.91203375286997e-13
9.02093201491546e-13,9.91091957610047e-13
9.00905321123104e-13,9.90954056883411e-13
8.99715188977555e-13,9.90791834787478e-13
8.98522800827689e-13,9.90607517008909e-13
8.97328153385206e-13,9.90403391893909e-13
8.96131244306483e-13,9.90181809008746e-13
8.94932072199668e-13,9.89945177608385e-13
8.93730636633195e-13,9.89695965014339e-13
8.92526938145691e-13,9.89436694903005e-13
8.91320978257306e-13,9.89169945505866e-13
8.90112759482477e-13,9.88898347723107e-13
8.88902285344109e-13,9.88624583152362e-13
8.87689560389214e-13,9.88351382034424e-13
8.8647459020592e-13,9.88081521117903e-13
8.85257381441914e-13,9.87817821444968e-13
8.84037941824272e-13,9.87563146060498e-13
8.82816280180655e-13,9.87320397647006e-13
8.81592406461811e-13,9.87092516087893e-13
8.80366331765398e-13,9.86882475961763e-13
8.79138068361069e-13,9.86693283970573e-13
8.77907629716754e-13,9.86527976304606e-13
8.76675030526105e-13,9.86389615947268e-13
8.75440286737087e-13,9.86281289923006e-13
8.74203415581524e-13,9.86206106491471e-13
8.72964435605741e-13,9.86167192291562e-13
8.71723366702032e-13,9.86167689438652e-13
8.70480230140963e-13,9.86210752578722e-13
8.69235048604482e-13,9.86299545903131e-13
8.67987846219642e-13,9.8643724012771e-13
8.6673864859291e-13,9.86627009440168e-13
8.65487482844987e-13,9.8687202841971e-13
8.64234377645974e-13,9.87175468932898e-13
8.62979363250816e-13,9.87540497009857e-13
8.61722471534976e-13,9.87970269704965e-13
8.60463736030108e-13,9.8846793194629e-13
8.59203191959702e-13,9.89036613377866e-13
8.57940876274596e-13,9.8967942519931e-13
8.56676827688147e-13,9.90399457006891e-13
8.55411086711053e-13,9.91199773640575e-13
8.54143695685611e-13,9.92083412041238e-13
8.52874698819337e-13,9.93053378122556e-13
8.51604142217794e-13,9.94112643661862e-13
8.50332073916522e-13,9.95264143214372e-13
8.49058543911935e-13,9.96510771055151e-13
8.47783604191008e-13,9.97855378153097e-13
8.4650730875973e-13,9.99300769181354e-13
8.45229713670076e-13,1.00084969956835e-12
8.43950877045446e-13,1.00250487259376e-12
8.42670859104395e-13,1.00426893653348e-12
8.4138972218257e-13,1.00614448185797e-12
8.40107530752688e-13,1.00813403848775e-12
8.38824351442441e-13,1.01024007311029e-12
8.37540253050232e-13,1.01246498656213e-12
8.36255306558572e-13,1.01481111128002e-12
8.34969585145072e-13,1.01728070882498e-12
8.33683164190872e-13,1.01987596748281e-12
8.32396121286419e-13,1.02259899994462e-12
8.31108536234499e-13,1.02545184107092e-12
8.29820491050387e-13,1.02843644574248e-12
8.2853206995905e-13,1.03155468680128e-12
8.27243359389273e-13,1.03480835308444e-12
8.25954447964665e-13,1.03819914755439e-12
8.24665426491434e-13,1.04172868552775e-12
8.23376387942852e-13,1.04539849300579e-12
8.22087427440352e-13,1.04921000510891e-12
8.20798642231183e-13,1.0531645646175e-12
8.19510131662602e-13,1.05726342062146e-12
8.18221997152471e-13,1.0615077272802e-12
8.16934342156313e-13,1.06589854269531e-12
8.15647272130723e-13,1.07043682789726e-12
8.14360894493135e-13,1.07512344594794e-12
8.13075318577921e-13,1.07995916116018e-12
8.11790655588813e-13,1.08494463843554e-12
8.10507018547615e-13,1.09008044272132e-12
8.09224522239283e-13,1.09536703858755e-12
8.07943283153267e-13,1.10080478992464e-12
