1.98315291652392e-12,2.6267003608443e-12
1.98535503746637e-12,2.63512617108538e-12
1.98756214081926e-12,2.64353954490583e-12
1.9897741051982e-12,2.65193968360955e-12
1.99199080483648e-12,2.66032577737276e-12
1.99421210953849e-12,2.66869700531545e-12
1.99643788463481e-12,2.67705253557964e-12
1.99866799093907e-12,2.68539152541446e-12
2.0009022847065e-12,2.69371312126804e-12
2.00314061759435e-12,2.70201645888634e-12
2.0053828366242e-12,2.71030066341889e-12
2.0076287841461e-12,2.71856484953157e-12
2.00987829780472e-12,2.72680812152637e-12
2.01213121050756e-12,2.73502957346824e-12
2.01438735039506e-12,2.74322828931899e-12
2.01664654081298e-12,2.75140334307834e-12
2.01890860028674e-12,2.75955379893205e-12
2.02117334249813e-12,2.76767871140729e-12
2.02344057626402e-12,2.77577712553505e-12
2.02571010551755e-12,2.78384807701982e-12
2.02798172929144e-12,2.7918905924164e-12
2.03025524170372e-12,2.79990368931386e-12
2.0325304319458e-12,2.80788637652672e-12
2.034807084273e-12,2.8158376542933e-12
2.03708497799744e-12,2.82375651448109e-12
2.03936388748343e-12,2.83164194079944e-12
2.04164358214541e-12,2.83949290901924e-12
2.04392382644837e-12,2.84730838719967e-12
2.0462043799108e-12,2.85508733592204e-12
2.04848499711035e-12,2.86282870853068e-12
2.05076542769197e-12,2.87053145138072e-12
2.05304541637878e-12,2.87819450409288e-12
2.05532470298557e-12,2.88581679981508e-12
2.05760302243494e-12,2.89339726549091e-12
2.05988010477626e-12,2.90093482213487e-12
2.06215567520721e-12,2.90842838511433e-12
2.06442945409817e-12,2.91587686443808e-12
2.06670115701931e-12,2.92327916505148e-12
2.06897049477046e-12,2.93063418713815e-12
2.07123717341375e-12,2.93794082642792e-12
2.07350089430907e-12,2.94519797451133e-12
2.07576135415232e-12,2.95240451916012e-12
2.07801824501641e-12,2.95955934465406e-12
2.08027125439518e-12,2.96666133211368e-12
2.08252006525004e-12,2.973709359839e-12
2.08476435605947e-12,2.98070230365409e-12
2.08700380087137e-12,2.98763903725734e-12
2.08923806935813e-12,2.99451843257726e-12
2.09146682687467e-12,3.00133936013389e-12
2.09368973451909e-12,3.00810068940537e-12
2.09590644919632e-12,3.01480128919992e-12
2.09811662368447e-12,3.02144002803281e-12
2.10031990670393e-12,3.02801577450823e-12
2.10251594298934e-12,3.03452739770603e-12
2.10470437336422e-12,3.0409737675731e-12
2.10688483481849e-12,3.04735375531926e-12
2.10905696058852e-12,3.05366623381741e-12
2.11122038024005e-12,3.05991007800801e-12
2.11337471975377e-12,3.06608416530746e-12
2.1155196016135e-12,3.07218737602038e-12
2.11765464489706e-12,3.07821859375557e-12
2.11977946536981e-12,3.08417670584552e-12
2.12189367558067e-12,3.09006060376915e-12
2.12399688496078e-12,3.09586918357779e-12
2.12608869992466e-12,3.10160134632409e-12
2.12816872397388e-12,3.10725599849368e-12
2.1302365578032e-12,3.11283205243947e-12
2.13229179940911e-12,3.11832842681827e-12
2.13433404420081e-12,3.12374404702965e-12
2.13636288511342e-12,3.12907784565671e-12
2.13837791272369e-12,3.13432876290873e-12
2.1403787153678e-12,3.13949574706532e-12
2.14236487926148e-12,3.14457775492196e-12
2.14433598862229e-12,3.1495737522367e-12
2.14629162579396e-12,3.15448271417771e-12
2.14823137137294e-12,3.1593036257717e-12
2.15015480433685e-12,3.16403548235273e-12
2.15206150217501e-12,3.16867729001125e-12
2.15395104102079e-12,3.1732280660433e-12
2.15582299578594e-12,3.17768683939954e-12
2.15767694029661e-12,3.18205265113369e-12
2.15951244743126e-12,3.18632455485057e-12
2.16132908926014e-12,3.1905016171531e-12
2.16312643718648e-12,3.19458291808831e-12
2.16490406208923e-12,3.19856755159198e-12
2.1666615344673e-12,3.20245462593161e-12
2.16839842458524e-12,3.20624326414777e-12
2.17011430262034e-12,3.20993260449326e-12
2.171808738811e-12,3.21352180087004e-12
2.17348130360632e-12,3.21701002326362e-12
2.17513156781699e-12,3.22039645817475e-12
2.17675910276708e-12,3.22368030904795e-12
2.17836348044707e-12,3.22686079669703e-12
2.17994427366767e-12,3.22993715972685e-12
2.1815010562147e-12,3.23290865495167e-12
2.18303340300459e-12,3.23577455780925e-12
2.18454089024077e-12,3.23853416277086e-12
2.18602309557067e-12,3.24118678374693e-12
2.18747959824328e-12,3.24373175448786e-12
2.18890997926725e-12,3.24616842898002e-12
2.19031382156945e-12,3.24849618183658e-12
2.19169071015376e-12,3.25071440868282e-12
2.19304023226027e-12,3.25282252653601e-12
2.19436197752466e-12,3.25481997417929e-12
2.19565553813755e-12,3.25670621252947e-12
2.19692050900402e-12,3.2584807249985e-12
2.19815648790306e-12,3.26014301784847e-12
2.19936307564684e-12,3.26169262053965e-12
2.20053987623977e-12,3.26312908607175e-12
2.20168649703731e-12,3.26445199131769e-12
2.20280254890436e-12,3.26566093735018e-12
2.20388764637317e-12,3.26675554976043e-12
2.20494140780075e-12,3.26773547896902e-12
2.20596345552564e-12,3.26860040052876e-12
2.20695341602388e-12,3.26935001541914e-12
2.20791092006439e-12,3.26998405033234e-12
2.20883560286319e-12,3.27050225795042e-12
2.20972710423691e-12,3.27090441721374e-12
2.21058506875508e-12,3.27119033358012e-12
2.21140914589145e-12,3.27135983927482e-12
2.21219899017386e-12,3.27141279353088e-12
2.21295426133314e-12,3.27134908281998e-12
2.21367462445033e-12,3.27116862107321e-12
2.21435975010265e-12,3.27087134989198e-12
2.21500931450778e-12,3.27045723874866e-12
2.21562299966671e-12,3.2699262851768e-12
2.21620049350468e-12,3.26927851495087e-12
2.21674149001049e-12,3.26851398225528e-12
2.21724568937394e-12,3.26763276984254e-12
2.21771279812125e-12,3.26663498918042e-12
2.21814252924854e-12,3.26552078058796e-12
2.21853460235324e-12,3.26429031336023e-12
2.21888874376328e-12,3.26294378588163e-12
2.21920468666409e-12,3.26148142572763e-12
2.21948217122326e-12,3.25990348975493e-12
2.21972094471282e-12,3.25821026417974e-12
2.21992076162909e-12,3.25640206464423e-12
2.22008138380999e-12,3.25447923627094e-12
2.22020258054973e-12,3.25244215370511e-12
2.22028412871091e-12,3.25029122114485e-12
2.22032581283378e-12,3.24802687235893e-12
2.22032742524282e-12,3.24564957069238e-12
2.2202887661504e-12,3.24315980905947e-12
2.22020964375751e-12,3.24055810992432e-12
2.22008987435153e-12,3.23784502526895e-12
2.21992928240094e-12,3.23502113654854e-12
2.219727700647e-12,3.23208705463435e-12
2.21948497019211e-12,3.22904341974354e-12
2.21920094058514e-12,3.22589090135664e-12
2.21887546990335e-12,3.22263019812189e-12
2.21850842483107e-12,3.21926203774706e-12
2.21809968073499e-12,3.21578717687837e-12
2.217649121736e-12,3.2122064009666e-12
2.21715664077761e-12,3.20852052412031e-12
2.2166221396908e-12,3.20473038894641e-12
2.21604552925539e-12,3.20083686637786e-12
2.21542672925773e-12,3.19684085548855e-12
2.21476566854481e-12,3.19274328329554e-12
2.21406228507469e-12,3.18854510454854e-12
2.21331652596316e-12,3.18424730150671e-12
2.21252834752673e-12,3.17985088370291e-12
2.21169771532184e-12,3.17535688769533e-12
2.21082460418016e-12,3.17076637680663e-12
2.20990899824019e-12,3.16608044085077e-12
2.20895089097491e-12,3.16130019584733e-12
2.2079502852156e-12,3.15642678372368e-12
2.20690719317168e-12,3.15146137200501e-12
2.20582163644671e-12,3.14640515349219e-12
2.20469364605039e-12,3.14125934592781e-12
2.20352326240664e-12,3.13602519165027e-12
2.20231053535763e-12,3.13070395723618e-12
2.20105552416394e-12,3.12529693313125e-12
2.19975829750065e-12,3.11980543326961e-12
2.19841893344945e-12,3.11423079468191e-12
2.19703751948677e-12,3.10857437709219e-12
2.19561415246783e-12,3.10283756250382e-12
2.19414893860682e-12,3.09702175477454e-12
2.19264199345295e-12,3.09112837918087e-12
2.19109344186255e-12,3.08515888197201e-12
2.18950341796721e-12,3.07911472991339e-12
2.1878720651379e-12,3.07299740982024e-12
2.18619953594511e-12,3.06680842808106e-12
2.18448599211509e-12,3.0605493101715e-12
2.18273160448209e-12,3.05422160015866e-12
2.18093655293669e-12,3.04782686019618e-12
2.17910102637029e-12,3.04136667001013e-12
2.1772252226156e-12,3.0348426263762e-12
2.1753093483834e-12,3.02825634258814e-12
2.17335361919541e-12,3.02160944791801e-12
2.17135825931332e-12,3.01490358706803e-12
2.16932350166417e-12,3.0081404196149e-12
2.16724958776189e-12,3.00132161944622e-12
2.16513676762514e-12,2.99444887418962e-12
2.16298529969163e-12,2.98752388463496e-12
2.16079545072862e-12,2.98054836414948e-12
2.15856749573998e-12,2.97352403808652e-12
2.15630171786967e-12,2.96645264318805e-12
2.15399840830174e-12,2.95933592698102e-12
2.15165786615687e-12,2.95217564716827e-12
2.14928039838554e-12,2.94497357101385e-12
2.14686631965786e-12,2.93773147472336e-12
2.14441595225015e-12,2.93045114281947e-12
2.14192962592812e-12,2.92313436751288e-12
2.1394076778272e-12,2.9157829480693e-12
2.13685045232945e-12,2.90839869017237e-12
2.13425830093756e-12,2.90098340528311e-12
2.13163158214586e-12,2.89353890999618e-12
2.12897066130842e-12,2.88606702539323e-12
2.12627591050424e-12,2.87856957639359e-12
2.12354770839969e-12,2.87104839110287e-12
2.12078644010823e-12,2.86350530015945e-12
2.11799249704755e-12,2.85594213607962e-12
2.11516627679396e-12,2.84836073260118e-12
2.11230818293453e-12,2.84076292402649e-12
2.10941862491657e-12,2.8331505445645e-12
2.10649801789496e-12,2.82552542767305e-12
2.10354678257711e-12,2.81788940540079e-12
2.10056534506577e-12,2.81024430772993e-12
2.09755413669972e-12,2.80259196191952e-12
2.09451359389249e-12,2.79493419185004e-12
2.09144415796909e-12,2.78727281736933e-12
2.08834627500093e-12,2.7796096536404e-12
2.08522039563895e-12,2.77194651049147e-12
2.08206697494512e-12,2.76428519176837e-12
2.07888647222226e-12,2.75662749468985e-12
2.07567935084255e-12,2.7489752092062e-12
2.07244607807437e-12,2.74133011736119e-12
2.06918712490807e-12,2.73369399265801e-12
2.06590296588035e-12,2.72606859942944e-12
2.06259407889762e-12,2.71845569221241e-12
2.05926094505825e-12,2.71085701512773e-12
2.0559040484739e-12,2.70327430126466e-12
2.05252387609002e-12,2.69570927207134e-12
2.04912091750555e-12,2.68816363675094e-12
2.04569566479199e-12,2.68063909166405e-12
2.04224861231195e-12,2.67313731973757e-12
2.03878025653711e-12,2.66565998988047e-12
2.03529109586596e-12,2.65820875640672e-12
2.03178163044114e-12,2.65078525846567e-12
2.02825236196665e-12,2.64339111948011e-12
2.02470379352505e-12,2.63602794659272e-12
2.02113642939447e-12,2.62869733012049e-12
2.01755077486603e-12,2.62140084301827e-12
2.01394733606114e-12,2.61414004035086e-12
2.01032661974943e-12,2.60691645877477e-12
2.00668913316678e-12,2.59973161602923e-12
2.00303538383407e-12,2.5925870104372e-12
1.99936587937637e-12,2.58548412041637e-12
1.99568112734298e-12,2.57842440400067e-12
1.99198163502809e-12,2.57140929837228e-12
1.98826790929235e-12,2.56444021940452e-12
1.98454045638552e-12,2.55751856121602e-12
1.98079978177005e-12,2.55064569573611e-12
1.97704638994591e-12,2.54382297228194e-12
1.97328078427658e-12,2.53705171714733e-12
1.96950346681644e-12,2.53033323320384e-12
1.96571493813955e-12,2.52366879951396e-12
1.96191569717002e-12,2.51705967095698e-12
1.95810624101387e-12,2.51050707786734e-12
1.95428706479263e-12,2.50401222568613e-12
1.95045866147875e-12,2.4975762946254e-12
1.94662152173284e-12,2.49120043934596e-12
1.94277613374285e-12,2.4848857886485e-12
1.93892298306526e-12,2.4786334451783e-12
1.93506255246842e-12,2.47244448514376e-12
1.93119532177806e-12,2.46631995804879e-12
1.92732176772502e-12,2.46026088643921e-12
1.9234423637954e-12,2.45426826566341e-12
1.91955758008305e-12,2.44834306364717e-12
1.91566788314459e-12,2.44248622068309e-12
1.91177373585699e-12,2.43669864923432e-12
1.90787559727778e-12,2.43098123375303e-12
1.90397392250794e-12,2.42533483051351e-12
1.90006916255757e-12,2.41976026746017e-12
1.89616176421437e-12,2.41425834407012e-12
1.89225216991508e-12,2.40882983123101e-12
1.88834081761981e-12,2.40347547113355e-12
1.8844281406894e-12,2.39819597717907e-12
1.88051456776585e-12,2.39299203390227e-12
1.87660052265592e-12,2.3878642969088e-12
1.87268642421784e-12,2.38281339282806e-12
1.86877268625132e-12,2.37783991928106e-12
1.8648597173908e-12,2.3729444448632e-12
1.86094792100202e-12,2.36812750914221e-12
1.85703769508205e-12,2.36338962267123e-12
1.8531294321626e-12,2.35873126701654e-12
1.84922351921692e-12,2.35415289480064e-12
1.84532033757009e-12,2.34965492975982e-12
1.84142026281293e-12,2.3452377668169e-12
1.83752366471938e-12,2.34090177216847e-12
1.83363090716762e-12,2.33664728338699e-12
1.82974234806464e-12,2.33247460953729e-12
1.82585833927462e-12,2.32838403130775e-12
1.82197922655089e-12,2.32437580115561e-12
1.81810534947159e-12,2.32045014346671e-12
1.81423704137917e-12,2.31660725472931e-12
1.81037462932347e-12,2.31284730372185e-12
1.80651843400863e-12,2.30917043171449e-12
1.80266876974377e-12,2.30557675268449e-12
1.79882594439746e-12,2.30206635354492e-12
