1.62022882232553e-12,1.48932773436556e-12
1.61683152355556e-12,1.49302076931347e-12
1.61345987231295e-12,1.49678084751219e-12
1.61011373653909e-12,1.50060748703271e-12
1.60679298072128e-12,1.50450020057242e-12
1.60349746593609e-12,1.50845849552006e-12
1.60022704989841e-12,1.51248187403174e-12
1.5969815870162e-12,1.51656983311744e-12
1.59376092845093e-12,1.52072186473799e-12
1.5905649221836e-12,1.52493745591191e-12
1.5873934130863e-12,1.52921608883198e-12
1.58424624299917e-12,1.53355724099092e-12
1.58112325081273e-12,1.53796038531601e-12
1.57802427255536e-12,1.54242499031203e-12
1.57494914148579e-12,1.54695052021217e-12
1.57189768819053e-12,1.55153643513634e-12
1.56886974068594e-12,1.55618219125659e-12
1.56586512452481e-12,1.56088724096884e-12
1.56288366290724e-12,1.5656510330707e-12
1.55992517679564e-12,1.5704730129447e-12
1.55698948503347e-12,1.57535262274636e-12
1.55407640446768e-12,1.58028930159668e-12
1.55118575007446e-12,1.58528248577842e-12
1.54831733508806e-12,1.59033160893559e-12
1.54547097113244e-12,1.59543610227566e-12
1.54264646835546e-12,1.60059539477388e-12
1.53984363556532e-12,1.6058089133792e-12
1.53706228036891e-12,1.61107608322106e-12
1.5343022093119e-12,1.61639632781683e-12
1.5315632280201e-12,1.62176906927895e-12
1.52884514134196e-12,1.62719372852152e-12
1.52614775349173e-12,1.63266972546567e-12
1.52347086819311e-12,1.63819647924314e-12
1.520814288823e-12,1.64377340839774e-12
1.51817781855511e-12,1.64939993108395e-12
1.51556126050301e-12,1.65507546526231e-12
1.51296441786242e-12,1.66079942889107e-12
1.51038709405244e-12,1.66657124011369e-12
1.50782909285528e-12,1.67239031744161e-12
1.50529021855439e-12,1.67825607993208e-12
1.50277027607052e-12,1.68416794736042e-12
1.50026907109559e-12,1.69012534038639e-12
1.49778641022397e-12,1.69612768071451e-12
1.4953221010809e-12,1.70217439124753e-12
1.49287595244787e-12,1.70826489623328e-12
1.49044777438473e-12,1.71439862140409e-12
1.48803737834803e-12,1.72057499410893e-12
1.48564457730576e-12,1.72679344343769e-12
1.48326918584793e-12,1.73305340033763e-12
1.48091102029288e-12,1.73935429772164e-12
1.47856989878921e-12,1.74569557056817e-12
1.47624564141303e-12,1.7520766560128e-12
1.47393807026038e-12,1.75849699343123e-12
1.4716470095347e-12,1.76495602451352e-12
1.4693722856291e-12,1.77145319332979e-12
1.46711372720344e-12,1.77798794638708e-12
1.46487116525592e-12,1.78455973267749e-12
1.46264443318926e-12,1.79116800371765e-12
1.46043336687117e-12,1.79781221357945e-12
1.45823780468926e-12,1.80449181891229e-12
1.45605758760004e-12,1.81120627895673e-12
1.45389255917227e-12,1.81795505554995e-12
1.45174256562435e-12,1.82473761312288e-12
1.44960745585593e-12,1.8315534186894e-12
1.44748708147354e-12,1.83840194182778e-12
1.44538129681045e-12,1.84528265465444e-12
1.44328995894064e-12,1.8521950317906e-12
1.44121292768689e-12,1.85913855032168e-12
1.43915006562325e-12,1.86611268975019e-12
1.4371012380716e-12,1.87311693194208e-12
1.43506631309272e-12,1.88015076106707e-12
1.43304516147181e-12,1.88721366353335e-12
1.43103765669846e-12,1.89430512791681e-12
1.4290436749414e-12,1.90142464488555e-12
1.42706309501796e-12,1.90857170711967e-12
1.42509579835854e-12,1.91574580922718e-12
1.42314166896608e-12,1.92294644765602e-12
1.42120059337083e-12,1.93017312060316e-12
1.41927246058048e-12,1.93742532792069e-12
1.41735716202594e-12,1.94470257101986e-12
1.41545459150285e-12,1.95200435277315e-12
1.41356464510906e-12,1.95933017741517e-12
1.41168722117836e-12,1.96667955044263e-12
1.40982222021056e-12,1.97405197851405e-12
1.40796954479812e-12,1.98144696934956e-12
1.40612909954982e-12,1.98886403163143e-12
1.40430079101129e-12,1.99630267490561e-12
1.402484527583e-12,2.00376240948512e-12
1.40068021943578e-12,2.01124274635529e-12
1.3988877784241e-12,2.01874319708175e-12
1.39710711799749e-12,2.02626327372154e-12
1.39533815311018e-12,2.03380248873753e-12
1.39358080012939e-12,2.04136035491702e-12
1.39183497674238e-12,2.04893638529465e-12
1.39010060186259e-12,2.05653009308022e-12
1.38837759553516e-12,2.06414099159172e-12
1.38666587884194e-12,2.071768594194e-12
1.38496537380647e-12,2.07941241424357e-12
1.38327600329892e-12,2.0870719650397e-12
1.38159769094147e-12,2.09474675978231e-12
1.37993036101423e-12,2.10243631153691e-12
1.37827393836203e-12,2.11014013320693e-12
1.37662834830224e-12,2.11785773751363e-12
1.37499351653386e-12,2.12558863698396e-12
1.37336936904825e-12,2.13333234394651e-12
1.37175583204147e-12,2.14108837053579e-12
1.37015283182868e-12,2.14885622870498e-12
1.36856029476065e-12,2.15663543024739e-12
1.36697814714267e-12,2.16442548682659e-12
1.36540631515597e-12,2.17222591001539e-12
1.36384472478194e-12,2.18003621134385e-12
1.3622933017292e-12,2.18785590235607e-12
1.36075197136375e-12,2.19568449467596e-12
1.35922065864244e-12,2.20352150008199e-12
1.35769928804963e-12,2.2113664305906e-12
1.35618778353756e-12,2.21921879854857e-12
1.35468606847015e-12,2.22707811673372e-12
1.35319406557073e-12,2.2349438984643e-12
1.35171169687344e-12,2.2428156577165e-12
1.35023888367866e-12,2.25069290925001e-12
1.34877554651243e-12,2.2585751687413e-12
1.34732160508991e-12,2.2664619529245e-12
1.345876978283e-12,2.27435277973927e-12
1.34444158409213e-12,2.28224716848563e-12
1.34301533962222e-12,2.29014463998507e-12
1.34159816106294e-12,2.2980447167478e-12
1.34018996367308e-12,2.30594692314551e-12
1.33879066176926e-12,2.31385078558919e-12
1.3374001687188e-12,2.32175583271167e-12
1.3360183969368e-12,2.32966159555412e-12
1.3346452578873e-12,2.33756760775622e-12
1.33328066208868e-12,2.34547340574914e-12
1.33192451912293e-12,2.35337852895104e-12
1.33057673764903e-12,2.36128251996423e-12
1.32923722542015e-12,2.36918492477348e-12
1.32790588930466e-12,2.37708529294478e-12
1.32658263531086e-12,2.38498317782385e-12
1.32526736861524e-12,2.39287813673376e-12
1.32395999359432e-12,2.40076973117103e-12
1.32266041385973e-12,2.40865752699918e-12
1.32136853229654e-12,2.41654109463939e-12
1.32008425110467e-12,2.42442000925728e-12
1.31880747184316e-12,2.43229385094513e-12
1.31753809547728e-12,2.44016220489883e-12
1.31627602242812e-12,2.44802466158862e-12
1.31502115262474e-12,2.45588081692317e-12
1.31377338555841e-12,2.46373027240596e-12
1.31253262033905e-12,2.47157263528326e-12
1.31129875575347e-12,2.47940751868309e-12
1.3100716903253e-12,2.48723454174421e-12
1.30885132237647e-12,2.49505332973456e-12
1.30763755008995e-12,2.50286351415835e-12
1.30643027157359e-12,2.51066473285102e-12
1.30522938492488e-12,2.51845663006145e-12
1.3040347882964e-12,2.52623885652067e-12
1.3028463799618e-12,2.53401106949653e-12
1.30166405838204e-12,2.54177293283337e-12
1.30048772227173e-12,2.54952411697644e-12
1.29931727066543e-12,2.55726429898016e-12
1.29815260298357e-12,2.56499316249986e-12
1.29699361909791e-12,2.57271039776619e-12
1.29584021939629e-12,2.580415701542e-12
1.29469230484657e-12,2.58810877706096e-12
1.29354977705937e-12,2.59578933394749e-12
1.29241253834968e-12,2.60345708811773e-12
1.29128049179698e-12,2.61111176166101e-12
1.29015354130375e-12,2.61875308270155e-12
1.28903159165223e-12,2.62638078524009e-12
1.28791454855927e-12,2.63399460897522e-12
1.286802318729e-12,2.64159429910404e-12
1.28569480990336e-12,2.64917960610232e-12
1.28459193091019e-12,2.65675028548362e-12
1.28349359170887e-12,2.66430609753772e-12
1.28239970343317e-12,2.67184680704797e-12
1.28131017843157e-12,2.67937218298786e-12
1.28022493030447e-12,2.68688199819686e-12
1.27914387393862e-12,2.69437602903546e-12
1.27806692553837e-12,2.70185405501992e-12
1.27699400265382e-12,2.70931585843678e-12
1.27592502420577e-12,2.71676122393746e-12
1.27485991050731e-12,2.72418993811338e-12
1.27379858328219e-12,2.73160178905198e-12
1.27274096567966e-12,2.7389965658741e-12
1.27168698228607e-12,2.74637405825337e-12
1.27063655913286e-12,2.75373405591804e-12
1.26958962370117e-12,2.76107634813603e-12
1.26854610492304e-12,2.76840072318389e-12
1.26750593317903e-12,2.77570696780039e-12
1.26646904029252e-12,2.78299486662566e-12
1.26543535952051e-12,2.79026420162666e-12
1.26440482554105e-12,2.79751475150998e-12
1.26337737443744e-12,2.8047462911231e-12
1.26235294367892e-12,2.81195859084476e-12
1.26133147209841e-12,2.81915141596608e-12
1.26031289986686e-12,2.82632452606322e-12
1.25929716846472e-12,2.83347767436283e-12
1.2582842206503e-12,2.84061060710182e-12
1.2572740004253e-12,2.84772306288227e-12
1.25626645299761e-12,2.85481477202345e-12
1.25526152474135e-12,2.86188545591179e-12
1.25425916315447e-12,2.86893482635062e-12
1.25325931681385e-12,2.87596258491093e-12
1.2522619353282e-12,2.88296842228497e-12
1.25126696928879e-12,2.8899520176438e-12
1.25027437021815e-12,2.89691303800089e-12
1.24928409051703e-12,2.90385113758309e-12
1.2482960834096e-12,2.91076595721056e-12
1.24731030288716e-12,2.91765712368781e-12
1.24632670365053e-12,2.92452424920693e-12
1.24534524105119e-12,2.93136693076517e-12
1.24436587103147e-12,2.93818474959858e-12
1.24338855006393e-12,2.94497727063329e-12
1.24241323509e-12,2.95174404195635e-12
1.24143988345824e-12,2.95848459430788e-12
1.24046845286225e-12,2.96519844059633e-12
1.23949890127852e-12,2.97188507543864e-12
1.23853118690426e-12,2.97854397472699e-12
1.23756526809564e-12,2.98517459522413e-12
1.2366011033063e-12,2.99177637418887e-12
1.23563865102657e-12,2.99834872903359e-12
1.2346778697235e-12,3.00489105701558e-12
1.2337187177818e-12,3.01140273496363e-12
1.23276115344592e-12,3.01788311904204e-12
1.23180513476354e-12,3.02433154455334e-12
1.23085061953043e-12,3.0307473257815e-12
1.22989756523698e-12,3.03712975587729e-12
1.2289459290166e-12,3.0434781067873e-12
1.22799566759595e-12,3.04979162922802e-12
1.2270467372474e-12,3.05606955270681e-12
1.2260990937436e-12,3.06231108559073e-12
1.22515269231456e-12,3.06851541522498e-12
1.22420748760713e-12,3.07468170810209e-12
1.22326343364713e-12,3.08080911008302e-12
1.22232048380427e-12,3.08689674667166e-12
1.22137859075986e-12,3.0929437233435e-12
1.22043770647752e-12,3.09894912592974e-12
1.21949778217686e-12,3.10491202105772e-12
1.21855876831033e-12,3.11083145664856e-12
1.21762061454327e-12,3.11670646247285e-12
1.21668326973719e-12,3.12253605076504e-12
1.21574668193638e-12,3.1283192168972e-12
1.2148107983579e-12,3.13405494011274e-12
1.21387556538494e-12,3.13974218432043e-12
1.21294092856361e-12,3.14537989894897e-12
1.21200683260324e-12,3.15096701986279e-12
1.21107322138005e-12,3.15650247033851e-12
1.21014003794433e-12,3.16198516210284e-12
1.20920722453109e-12,3.16741399643118e-12
1.20827472257408e-12,3.17278786530725e-12
1.20734247272327e-12,3.17810565264315e-12
1.20641041486565e-12,3.18336623555944e-12
1.20547848814936e-12,3.18856848572487e-12
1.20454663101113e-12,3.19371127075502e-12
1.20361478120683e-12,3.19879345566903e-12
1.20268287584523e-12,3.20381390440363e-12
1.20175085142474e-12,3.20877148138344e-12
1.20081864387308e-12,3.21366505314623e-12
1.19988618858991e-12,3.21849349002235e-12
1.19895342049211e-12,3.22325566786636e-12
1.19802027406167e-12,3.2279504698399e-12
1.19708668339619e-12,3.23257678824381e-12
1.19615258226164e-12,3.23713352639798e-12
1.19521790414747e-12,3.24161960056704e-12
1.19428258232373e-12,3.24603394192981e-12
1.19334654990022e-12,3.25037549859059e-12
1.19240973988739e-12,3.25464323762991e-12
1.19147208525888e-12,3.25883614719255e-12
1.19053351901559e-12,3.26295323861032e-12
1.18959397425103e-12,3.26699354855709e-12
1.18865338421776e-12,3.27095614123337e-12
1.18771168239495e-12,3.27484011057778e-12
1.18676880255653e-12,3.27864458250236e-12
1.18582467884013e-12,3.28236871714886e-12
1.18487924581636e-12,3.28601171116315e-12
1.18393243855834e-12,3.28957279998405e-12
1.18298419271132e-12,3.29305126014395e-12
1.18203444456219e-12,3.29644641157745e-12
1.18108313110869e-12,3.29975761993472e-12
1.1801301901281e-12,3.30298429889627e-12
1.17917556024528e-12,3.30612591248512e-12
1.1782191809999e-12,3.30918197737326e-12
1.17726099291263e-12,3.31215206517829e-12
1.17630093755008e-12,3.31503580474657e-12
1.17533895758847e-12,3.31783288441928e-12
1.17437499687568e-12,3.32054305427709e-12
1.17340900049161e-12,3.32316612836002e-12
1.17244091480672e-12,3.32570198685808e-12
1.17147068753853e-12,3.32815057826914e-12
1.17049826780587e-12,3.33051192151954e-12
1.16952360618103e-12,3.33278610804398e-12
1.16854665473918e-12,3.33497330382012e-12
1.16756736710547e-12,3.33707375135411e-12
1.16658569849922e-12,3.33908777161308e-12
1.16560160577544e-12,3.34101576590037e-12
1.16461504746333e-12,3.3428582176695e-12
1.16362598380175e-12,3.34461569427299e-12
1.16263437677163e-12,3.34628884864198e-12
1.16164019012509e-12,3.34787842089274e-12
1.1606433894113e-12,3.34938523985596e-12
1.15964394199903e-12,3.3508102245256e-12
