3.43250306520491e-12,5.62877992613213e-12
3.43061316699742e-12,5.62346281953058e-12
3.42866806637362e-12,5.6180491149911e-12
3.42666815389279e-12,5.61254093507895e-12
3.42461382857853e-12,5.60694041619844e-12
3.42250549775351e-12,5.60124970785251e-12
3.42034357687188e-12,5.59547097189909e-12
3.41812848934917e-12,5.58960638180416e-12
3.4158606663899e-12,5.58365812189201e-12
3.41354054681296e-12,5.57762838659313e-12
3.41116857687489e-12,5.57151937969009e-12
3.40874521009111e-12,5.56533331356172e-12
3.40627090705514e-12,5.55907240842598e-12
3.40374613525615e-12,5.55273889158197e-12
3.40117136889454e-12,5.54633499665126e-12
3.39854708869606e-12,5.53986296281927e-12
3.39587378172428e-12,5.53332503407654e-12
3.39315194119165e-12,5.52672345846094e-12
3.39038206626917e-12,5.52006048730045e-12
3.38756466189483e-12,5.51333837445755e-12
3.38470023858092e-12,5.50655937557515e-12
3.3817893122202e-12,5.49972574732455e-12
3.37883240389124e-12,5.49283974665593e-12
3.37583003966278e-12,5.48590363005151e-12
3.37278275039738e-12,5.47891965278196e-12
3.36969107155453e-12,5.47189006816625e-12
3.36655554299291e-12,5.4648171268353e-12
3.36337670877255e-12,5.45770307600005e-12
3.36015511695635e-12,5.45055015872391e-12
3.35689131941149e-12,5.44336061320018e-12
3.35358587161062e-12,5.43613667203483e-12
3.35023933243304e-12,5.42888056153479e-12
3.34685226396579e-12,5.42159450100216e-12
3.34342523130505e-12,5.41428070203482e-12
3.33995880235763e-12,5.40694136783356e-12
3.33645354764282e-12,5.39957869251624e-12
3.3329100400947e-12,5.39219486043902e-12
3.3293288548649e-12,5.38479204552541e-12
3.32571056912602e-12,5.37737241060304e-12
3.32205576187571e-12,5.36993810674868e-12
3.31836501374156e-12,5.36249127264174e-12
3.31463890678688e-12,5.35503403392657e-12
3.31087802431745e-12,5.34756850258388e-12
3.30708295068932e-12,5.34009677631144e-12
3.30325427111772e-12,5.33262093791445e-12
3.29939257148736e-12,5.32514305470592e-12
3.29549843816382e-12,5.31766517791711e-12
3.29157245780655e-12,5.31018934211837e-12
3.28761521718323e-12,5.30271756465092e-12
3.28362730298581e-12,5.29525184506926e-12
3.27960930164804e-12,5.28779416459494e-12
3.27556179916496e-12,5.28034648558175e-12
3.27148538091392e-12,5.27291075099236e-12
3.26738063147776e-12,5.26548888388706e-12
3.2632481344697e-12,5.25808278692431e-12
3.25908847236051e-12,5.25069434187379e-12
3.2549022263075e-12,5.24332540914167e-12
3.25068997598596e-12,5.23597782730874e-12
3.24645229942263e-12,5.22865341268114e-12
3.24218977283155e-12,5.22135395885427e-12
3.23790297045237e-12,5.21408123628973e-12
3.23359246439091e-12,5.20683699190564e-12
3.22925882446236e-12,5.19962294868032e-12
3.22490261803696e-12,5.19244080526961e-12
3.22052440988836e-12,5.18529223563803e-12
3.21612476204452e-12,5.17817888870343e-12
3.21170423364149e-12,5.17110238799606e-12
3.20726338077983e-12,5.16406433133123e-12
3.2028027563839e-12,5.15706629049651e-12
3.19832291006403e-12,5.15010981095277e-12
3.19382438798158e-12,5.14319641154996e-12
3.18930773271699e-12,5.13632758425688e-12
3.18477348314076e-12,5.12950479390564e-12
3.18022217428754e-12,5.12272947795042e-12
3.1756543372333e-12,5.11600304624099e-12
3.17107049897551e-12,5.10932688081046e-12
3.16647118231658e-12,5.10270233567798e-12
3.16185690575045e-12,5.09613073666577e-12
3.15722818335232e-12,5.08961338123083e-12
3.15258552467172e-12,5.08315153831134e-12
3.14792943462867e-12,5.07674644818742e-12
3.14326041341341e-12,5.07039932235684e-12
3.13857895638906e-12,5.06411134342481e-12
3.13388555399793e-12,5.05788366500865e-12
3.12918069167097e-12,5.05171741165671e-12
3.12446484974063e-12,5.04561367878168e-12
3.11973850335713e-12,5.03957353260844e-12
3.11500212240803e-12,5.03359801013588e-12
3.11025617144124e-12,5.02768811911315e-12
3.10550110959137e-12,5.02184483802983e-12
3.10073739050953e-12,5.0160691161202e-12
3.09596546229651e-12,5.01036187338131e-12
3.0911857674393e-12,5.00472400060495e-12
3.08639874275111e-12,4.99915635942305e-12
3.0816048193147e-12,4.99365978236693e-12
3.07680442242911e-12,4.98823507293959e-12
3.07199797155979e-12,4.98288300570142e-12
3.06718588029208e-12,4.97760432636895e-12
3.06236855628808e-12,4.97239975192659e-12
3.0575464012468e-12,4.967269970751e-12
3.05271981086769e-12,4.96221564274811e-12
3.04788917481746e-12,4.95723739950257e-12
3.04305487670019e-12,4.95233584443925e-12
3.03821729403072e-12,4.94751155299702e-12
3.03337679821128e-12,4.94276507281404e-12
3.02853375451133e-12,4.93809692392479e-12
3.02368852205061e-12,4.93350759896855e-12
3.01884145378536e-12,4.92899756340889e-12
3.0139928964977e-12,4.9245672557642e-12
3.00914319078797e-12,4.92021708784877e-12
3.00429267107042e-12,4.91594744502456e-12
2.99944166557167e-12,4.911758686463e-12
2.99459049633231e-12,4.90765114541671e-12
2.98973947921142e-12,4.90362512950114e-12
2.98488892389405e-12,4.89968092098542e-12
2.98003913390155e-12,4.89581877709254e-12
2.97519040660473e-12,4.89203893030841e-12
2.97034303323987e-12,4.88834158869942e-12
2.96549729892744e-12,4.88472693623862e-12
2.96065348269354e-12,4.88119513313971e-12
2.95581185749398e-12,4.87774631619891e-12
2.95097269024104e-12,4.87438059914445e-12
2.94613624183267e-12,4.87109807299301e-12
2.94130276718434e-12,4.86789880641337e-12
2.9364725152632e-12,4.86478284609632e-12
2.93164572912481e-12,4.86175021713126e-12
2.92682264595204e-12,4.85880092338847e-12
2.92200349709644e-12,4.85593494790726e-12
2.91718850812169e-12,4.85315225328946e-12
2.91237789884935e-12,4.85045278209801e-12
2.90757188340668e-12,4.84783645726024e-12
2.90277067027658e-12,4.84530318247574e-12
2.89797446234939e-12,4.8428528426282e-12
2.89318345697682e-12,4.84048530420121e-12
2.8883978460277e-12,4.83820041569751e-12
2.88361781594547e-12,4.83599800806144e-12
2.87884354780754e-12,4.83387789510423e-12
2.87407521738632e-12,4.83183987393196e-12
2.86931299521189e-12,4.82988372537566e-12
2.86455704663618e-12,4.82800921442327e-12
2.85980753189877e-12,4.82621609065349e-12
2.85506460619405e-12,4.82450408867056e-12
2.85032841973982e-12,4.82287292854037e-12
2.84559911784717e-12,4.82132231622699e-12
2.84087684099162e-12,4.81985194402972e-12
2.83616172488547e-12,4.81846149102007e-12
2.83145390055125e-12,4.81715062347867e-12
2.82675349439627e-12,4.81591899533144e-12
2.82206062828808e-12,4.81476624858507e-12
2.81737541963096e-12,4.81369201376109e-12
2.81269798144321e-12,4.81269591032887e-12
2.80802842243527e-12,4.8117775471366e-12
2.80336684708858e-12,4.81093652284033e-12
2.79871335573507e-12,4.81017242633067e-12
2.7940680446373e-12,4.80948483715687e-12
2.78943100606915e-12,4.80887332594819e-12
2.78480232839695e-12,4.80833745483192e-12
2.78018209616105e-12,4.80787677784801e-12
2.7755703901578e-12,4.80749084136019e-12
2.7709672875217e-12,4.80717918446292e-12
2.76637286180792e-12,4.80694133938429e-12
2.76178718307489e-12,4.80677683188447e-12
2.75721031796707e-12,4.80668518164934e-12
2.75264232979774e-12,4.80666590267934e-12
2.74808327863175e-12,4.80671850367298e-12
2.74353322136832e-12,4.80684248840524e-12
2.73899221182356e-12,4.80703735609991e-12
2.73446030081298e-12,4.80730260179663e-12
2.72993753623359e-12,4.80763771671128e-12
2.72542396314589e-12,4.80804218859073e-12
2.72091962385537e-12,4.80851550206065e-12
2.71642455799371e-12,4.80905713896699e-12
2.71193880259945e-12,4.8096665787104e-12
2.70746239219823e-12,4.8103432985738e-12
2.7029953588825e-12,4.81108677404282e-12
2.69853773239053e-12,4.81189647911873e-12
2.69408954018482e-12,4.81277188662389e-12
2.68965080752987e-12,4.81371246849978e-12
2.68522155756919e-12,4.81471769609696e-12
2.68080181140141e-12,4.81578704045723e-12
2.67639158815574e-12,4.81691997258778e-12
2.67199090506645e-12,4.81811596372706e-12
2.66759977754645e-12,4.81937448560245e-12
2.66321821925996e-12,4.82069501067956e-12
2.65884624219415e-12,4.82207701240287e-12
2.65448385672979e-12,4.82351996542811e-12
2.65013107171075e-12,4.82502334584548e-12
2.64578789451256e-12,4.82658663139484e-12
2.64145433110968e-12,4.82820930167138e-12
2.6371303861417e-12,4.82989083832297e-12
2.63281606297832e-12,4.83163072523829e-12
2.62851136378311e-12,4.8334284487262e-12
2.624216289576e-12,4.83528349768597e-12
2.61993084029454e-12,4.8371953637687e-12
2.6156550148538e-12,4.83916354152951e-12
2.61138881120498e-12,4.84118752857082e-12
2.60713222639266e-12,4.84326682567655e-12
2.6028852566107e-12,4.84540093693735e-12
2.59864789725671e-12,4.84758936986672e-12
2.59442014298516e-12,4.84983163550815e-12
2.59020198775903e-12,4.85212724853342e-12
2.58599342490002e-12,4.85447572733179e-12
2.58179444713732e-12,4.85687659409037e-12
2.57760504665498e-12,4.85932937486576e-12
2.57342521513766e-12,4.86183359964676e-12
2.56925494381499e-12,4.8643888024085e-12
2.56509422350445e-12,4.86699452115782e-12
2.56094304465271e-12,4.86965029797024e-12
2.55680139737544e-12,4.87235567901831e-12
2.55266927149568e-12,4.87511021459176e-12
2.54854665658062e-12,4.87791345910929e-12
2.54443354197694e-12,4.88076497112216e-12
2.54032991684462e-12,4.88366431330996e-12
2.53623577018915e-12,4.8866110524682e-12
2.53215109089233e-12,4.88960475948825e-12
2.52807586774157e-12,4.89264500932975e-12
2.52401008945762e-12,4.89573138098527e-12
2.51995374472081e-12,4.89886345743782e-12
2.51590682219592e-12,4.90204082561111e-12
2.51186931055539e-12,4.90526307631263e-12
2.50784119850126e-12,4.90852980417023e-12
2.50382247478545e-12,4.91184060756141e-12
2.49981312822884e-12,4.91519508853681e-12
2.49581314773867e-12,4.91859285273668e-12
2.49182252232471e-12,4.92203350930169e-12
2.48784124111396e-12,4.92551667077746e-12
2.48386929336402e-12,4.92904195301358e-12
2.47990666847499e-12,4.93260897505683e-12
2.47595335600022e-12,4.93621735903926e-12
2.47200934565549e-12,4.9398667300609e-12
2.46807462732713e-12,4.9435567160677e-12
2.46414919107875e-12,4.94728694772477e-12
2.46023302715672e-12,4.95105705828493e-12
2.4563261259944e-12,4.95486668345318e-12
2.45242847821526e-12,4.95871546124696e-12
2.44854007463476e-12,4.96260303185282e-12
2.44466090626105e-12,4.96652903747918e-12
2.44079096429462e-12,4.97049312220602e-12
2.43693024012681e-12,4.97449493183131e-12
2.4330787253373e-12,4.97853411371455e-12
2.42923641169048e-12,4.98261031661773e-12
2.42540329113096e-12,4.98672319054392e-12
2.42157935577795e-12,4.99087238657353e-12
2.4177645979188e-12,4.99505755669887e-12
2.4139590100016e-12,4.99927835365687e-12
2.41016258462694e-12,5.00353443076049e-12
2.40637531453878e-12,5.0078254417289e-12
2.40259719261454e-12,5.01215104051674e-12
2.39882821185438e-12,5.01651088114262e-12
2.39506836536983e-12,5.02090461751733e-12
2.39131764637165e-12,5.02533190327167e-12
2.38757604815698e-12,5.02979239158449e-12
2.38384356409597e-12,5.03428573501083e-12
2.3801201876177e-12,5.03881158531073e-12
2.37640591219568e-12,5.04336959327882e-12
2.37270073133267e-12,5.04795940857488e-12
2.36900463854505e-12,5.05258067955534e-12
2.3653176273469e-12,5.0572330531069e-12
2.36163969123341e-12,5.06191617448129e-12
2.35797082366411e-12,5.0666296871321e-12
2.35431101804569e-12,5.07137323255398e-12
2.35066026771444e-12,5.07614645012391e-12
2.3470185659186e-12,5.08094897694535e-12
2.34338590580032e-12,5.08578044769497e-12
2.33976228037746e-12,5.09064049447258e-12
2.33614768252534e-12,5.09552874665431e-12
2.33254210495812e-12,5.10044483074893e-12
2.32894554021041e-12,5.10538837025828e-12
2.32535798061857e-12,5.11035898554115e-12
2.32177941830213e-12,5.11535629368142e-12
2.31820984514516e-12,5.12037990836029e-12
2.31464925277772e-12,5.12542943973293e-12
2.3110976325574e-12,5.13050449430972e-12
2.30755497555099e-12,5.13560467484234e-12
2.30402127251624e-12,5.14072958021448e-12
2.30049651388389e-12,5.14587880533794e-12
2.29698068973984e-12,5.15105194105371e-12
2.2934737898076e-12,5.15624857403858e-12
2.28997580343107e-12,5.1614682867172e-12
2.28648671955752e-12,5.1667106571797e-12
2.28300652672097e-12,5.17197525910521e-12
2.27953521302599e-12,5.17726166169126e-12
2.27607276613179e-12,5.18256942958909e-12
2.27261917323677e-12,5.18789812284521e-12
2.26917442106361e-12,5.19324729684907e-12
2.26573849584466e-12,5.19861650228708e-12
2.262311383308e-12,5.20400528510314e-12
2.25889306866394e-12,5.2094131864654e-12
2.25548353659208e-12,5.21483974273993e-12
2.25208277122893e-12,5.2202844854706e-12
2.24869075615619e-12,5.22574694136606e-12
2.24530747438954e-12,5.23122663229307e-12
2.2419329083682e-12,5.236723075277e-12
2.23856703994497e-12,5.24223578250865e-12
2.23520985037713e-12,5.24776426135838e-12
2.23186132031787e-12,5.25330801439682e-12
2.22852142980859e-12,5.25886653942251e-12
2.22519015827172e-12,5.26443932949651e-12
2.22186748450449e-12,5.27002587298371e-12
2.21855338667327e-12,5.27562565360106e-12
