1.33063550236315e-12,1.5418571607836e-12
1.33331147608046e-12,1.54895892151998e-12
1.3359981987773e-12,1.55607869384839e-12
1.3386956810203e-12,1.56321632731156e-12
1.34140393226375e-12,1.57037166861577e-12
1.3441229608312e-12,1.57754456162652e-12
1.34685277389694e-12,1.58473484736494e-12
1.34959337746776e-12,1.59194236400487e-12
1.35234477636457e-12,1.59916694687071e-12
1.35510697420431e-12,1.60640842843596e-12
1.35787997338175e-12,1.61366663832247e-12
1.36066377505159e-12,1.62094140330048e-12
1.36345837911047e-12,1.62823254728938e-12
1.36626378417929e-12,1.6355398913593e-12
1.36907998758543e-12,1.64286325373331e-12
1.37190698534532e-12,1.65020244979061e-12
1.37474477214694e-12,1.65755729207033e-12
1.37759334133267e-12,1.66492759027624e-12
1.38045268488205e-12,1.67231315128218e-12
1.38332279339492e-12,1.6797137791384e-12
1.38620365607459e-12,1.68712927507863e-12
1.38909526071119e-12,1.69455943752802e-12
1.39199759366525e-12,1.7020040621119e-12
1.39491063985143e-12,1.70946294166541e-12
1.39783438272244e-12,1.71693586624396e-12
1.40076880425317e-12,1.72442262313455e-12
1.40371388492502e-12,1.73192299686791e-12
1.40666960371043e-12,1.73943676923163e-12
1.40963593805765e-12,1.74696371928401e-12
1.41261286387575e-12,1.75450362336894e-12
1.41560035551982e-12,1.76205625513153e-12
1.41859838577643e-12,1.76962138553476e-12
1.42160692584939e-12,1.77719878287691e-12
1.42462594534564e-12,1.78478821281003e-12
1.42765541226156e-12,1.79238943835915e-12
1.43069529296943e-12,1.80000221994261e-12
1.43374555220421e-12,1.80762631539304e-12
1.43680615305061e-12,1.81526147997958e-12
1.43987705693041e-12,1.82290746643071e-12
1.44295822359015e-12,1.83056402495826e-12
1.44604961108904e-12,1.8382309032822e-12
1.44915117578725e-12,1.84590784665641e-12
1.45226287233445e-12,1.85359459789544e-12
1.45538465365872e-12,1.86129089740209e-12
1.45851647095581e-12,1.86899648319603e-12
1.46165827367863e-12,1.87671109094337e-12
1.46481000952723e-12,1.88443445398709e-12
1.467971624439e-12,1.89216630337849e-12
1.47114306257931e-12,1.89990636790957e-12
1.47432426633246e-12,1.90765437414634e-12
1.477515176293e-12,1.91541004646308e-12
1.48071573125746e-12,1.92317310707762e-12
1.48392586821643e-12,1.93094327608741e-12
1.48714552234704e-12,1.93872027150672e-12
1.49037462700576e-12,1.94650380930464e-12
1.49361311372176e-12,1.95429360344417e-12
1.49686091219043e-12,1.96208936592204e-12
1.50011795026758e-12,1.96989080680974e-12
1.5033841539638e-12,1.97769763429528e-12
1.5066594474394e-12,1.98550955472595e-12
1.50994375299974e-12,1.99332627265207e-12
1.51323699109093e-12,2.00114749087161e-12
1.51653908029599e-12,2.00897291047572e-12
1.51984993733152e-12,2.01680223089528e-12
1.52316947704466e-12,2.02463514994826e-12
1.52649761241066e-12,2.03247136388805e-12
1.52983425453078e-12,2.04031056745275e-12
1.53317931263069e-12,2.04815245391521e-12
1.53653269405934e-12,2.05599671513417e-12
1.53989430428828e-12,2.06384304160613e-12
1.5432640469114e-12,2.07169112251821e-12
1.54664182364527e-12,2.07954064580184e-12
1.55002753432976e-12,2.08739129818732e-12
1.55342107692934e-12,2.09524276525934e-12
1.55682234753471e-12,2.10309473151317e-12
1.560231240365e-12,2.11094688041193e-12
1.56364764777041e-12,2.11879889444455e-12
1.56707146023537e-12,2.12665045518458e-12
1.57050256638214e-12,2.13450124334992e-12
1.57394085297504e-12,2.14235093886326e-12
1.57738620492495e-12,2.15019922091335e-12
1.58083850529457e-12,2.15804576801717e-12
1.58429763530396e-12,2.1658902580827e-12
1.58776347433677e-12,2.17373236847268e-12
1.5912358999468e-12,2.18157177606894e-12
1.5947147878652e-12,2.18940815733764e-12
1.59820001200815e-12,2.19724118839513e-12
1.60169144448501e-12,2.20507054507465e-12
1.60518895560701e-12,2.21289590299368e-12
1.60869241389648e-12,2.22071693762198e-12
1.61220168609652e-12,2.22853332435041e-12
1.6157166371813e-12,2.23634473856036e-12
1.61923713036675e-12,2.24415085569382e-12
1.62276302712185e-12,2.25195135132422e-12
1.62629418718041e-12,2.25974590122777e-12
1.62983046855339e-12,2.26753418145553e-12
1.63337172754169e-12,2.27531586840602e-12
1.63691781874949e-12,2.28309063889844e-12
1.6404685950981e-12,2.29085817024653e-12
1.64402390784033e-12,2.29861814033289e-12
1.6475836065754e-12,2.3063702276839e-12
1.65114753926425e-12,2.3141141115452e-12
1.65471555224555e-12,2.32184947195759e-12
1.65828749025207e-12,2.32957598983355e-12
1.66186319642758e-12,2.3372933470341e-12
1.66544251234435e-12,2.34500122644628e-12
1.66902527802108e-12,2.35269931206087e-12
1.67261133194132e-12,2.36038728905077e-12
1.67620051107244e-12,2.36806484384956e-12
1.67979265088511e-12,2.37573166423063e-12
1.68338758537324e-12,2.38338743938656e-12
1.68698514707439e-12,2.39103186000889e-12
1.69058516709076e-12,2.39866461836822e-12
1.69418747511061e-12,2.40628540839464e-12
1.69779189943018e-12,2.41389392575839e-12
1.70139826697605e-12,2.42148986795085e-12
1.70500640332809e-12,2.42907293436572e-12
1.70861613274276e-12,2.43664282638054e-12
1.71222727817695e-12,2.4441992474382e-12
1.71583966131231e-12,2.45174190312894e-12
1.71945310257995e-12,2.45927050127218e-12
1.72306742118571e-12,2.46678475199877e-12
1.72668243513583e-12,2.47428436783321e-12
1.73029796126303e-12,2.481769063776e-12
1.73391381525314e-12,2.48923855738607e-12
1.73752981167204e-12,2.49669256886326e-12
1.74114576399318e-12,2.50413082113083e-12
1.74476148462538e-12,2.511553039918e-12
1.7483767849412e-12,2.51895895384244e-12
1.75199147530558e-12,2.5263482944927e-12
1.755605365105e-12,2.53372079651065e-12
1.75921826277705e-12,2.54107619767381e-12
1.76282997584028e-12,2.5484142389775e-12
1.76644031092461e-12,2.55573466471695e-12
1.77004907380197e-12,2.56303722256918e-12
1.77365606941744e-12,2.57032166367476e-12
1.77726110192069e-12,2.57758774271934e-12
1.78086397469782e-12,2.58483521801491e-12
1.78446449040356e-12,2.59206385158084e-12
1.78806245099377e-12,2.59927340922466e-12
1.79165765775838e-12,2.6064636606225e-12
1.79524991135457e-12,2.61363437939925e-12
1.79883901184032e-12,2.62078534320823e-12
1.80242475870832e-12,2.6279163338107e-12
1.8060069509201e-12,2.63502713715479e-12
1.80958538694055e-12,2.64211754345406e-12
1.81315986477268e-12,2.64918734726561e-12
1.81673018199273e-12,2.6562363475677e-12
1.82029613578545e-12,2.6632643478369e-12
1.82385752297979e-12,2.67027115612465e-12
1.82741414008472e-12,2.6772565851333e-12
1.8309657833254e-12,2.6842204522916e-12
1.83451224867955e-12,2.69116257982956e-12
1.83805333191404e-12,2.69808279485262e-12
1.84158882862172e-12,2.70498092941527e-12
1.84511853425849e-12,2.71185682059395e-12
1.84864224418055e-12,2.7187103105592e-12
1.8521597536818e-12,2.72554124664715e-12
1.85567085803154e-12,2.73234948143023e-12
1.85917535251224e-12,2.73913487278706e-12
1.86267303245752e-12,2.74589728397161e-12
1.86616369329028e-12,2.7526365836815e-12
1.86964713056097e-12,2.75935264612537e-12
1.87312313998602e-12,2.76604535108958e-12
1.87659151748635e-12,2.77271458400372e-12
1.88005205922604e-12,2.7793602360055e-12
1.88350456165105e-12,2.78598220400437e-12
1.88694882152811e-12,2.79258039074452e-12
1.8903846359836e-12,2.79915470486656e-12
1.8938118025426e-12,2.80570506096838e-12
1.89723011916789e-12,2.81223137966489e-12
1.90063938429911e-12,2.8187335876467e-12
1.90403939689188e-12,2.82521161773776e-12
1.90742995645698e-12,2.83166540895177e-12
1.91081086309953e-12,2.8380949065476e-12
1.91418191755822e-12,2.84450006208344e-12
1.91754292124445e-12,2.85088083346983e-12
1.92089367628154e-12,2.85723718502144e-12
1.92423398554387e-12,2.86356908750772e-12
1.92756365269597e-12,2.86987651820215e-12
1.93088248223158e-12,2.87615946093039e-12
1.93419027951263e-12,2.88241790611704e-12
1.93748685080817e-12,2.8886518508311e-12
1.94077200333321e-12,2.89486129883016e-12
1.94404554528742e-12,2.90104626060316e-12
1.94730728589377e-12,2.90720675341191e-12
1.95055703543706e-12,2.91334280133102e-12
1.95379460530224e-12,2.91945443528664e-12
1.95701980801269e-12,2.92554169309362e-12
1.96023245726828e-12,2.93160461949135e-12
1.96343236798325e-12,2.93764326617801e-12
1.96661935632399e-12,2.94365769184347e-12
1.96979323974654e-12,2.94964796220055e-12
1.97295383703398e-12,2.95561415001493e-12
1.97610096833352e-12,2.96155633513343e-12
1.9792344551934e-12,2.96747460451074e-12
1.98235412059961e-12,2.97336905223464e-12
1.98545978901227e-12,2.9792397795496e-12
1.98855128640185e-12,2.98508689487884e-12
1.99162844028501e-12,2.9909105138447e-12
1.99469107976026e-12,2.99671075928753e-12
1.99773903554327e-12,3.00248776128275e-12
2.00077214000196e-12,3.0082416571565e-12
2.0037902271911e-12,3.01397259149939e-12
2.00679313288681e-12,3.0196807161788e-12
2.00978069462055e-12,3.02536619034933e-12
2.01275275171287e-12,3.03102918046166e-12
2.01570914530674e-12,3.03666986026964e-12
2.01864971840053e-12,3.04228841083574e-12
2.02157431588065e-12,3.04788502053469e-12
2.02448278455374e-12,3.05345988505546e-12
2.02737497317851e-12,3.05901320740145e-12
2.03025073249713e-12,3.06454519788899e-12
2.03310991526625e-12,3.07005607414397e-12
2.03595237628753e-12,3.07554606109686e-12
2.03877797243782e-12,3.08101539097586e-12
2.04158656269873e-12,3.08646430329824e-12
2.04437800818596e-12,3.09189304486003e-12
2.04715217217798e-12,3.09730186972383e-12
2.04990892014429e-12,3.10269103920479e-12
2.05264811977324e-12,3.10806082185494e-12
2.05536964099925e-12,3.11341149344554e-12
2.05807335602966e-12,3.11874333694784e-12
2.06075913937091e-12,3.12405664251184e-12
2.06342686785434e-12,3.12935170744334e-12
2.06607642066134e-12,3.13462883617923e-12
2.06870767934802e-12,3.13988834026087e-12
2.07132052786935e-12,3.14513053830578e-12
2.07391485260264e-12,3.15035575597741e-12
2.07649054237061e-12,3.15556432595323e-12
2.07904748846371e-12,3.1607565878909e-12
2.08158558466202e-12,3.16593288839281e-12
2.08410472725642e-12,3.17109358096858e-12
2.08660481506925e-12,3.17623902599609e-12
2.08908574947437e-12,3.1813695906804e-12
2.09154743441653e-12,3.18648564901121e-12
2.09398977643018e-12,3.19158758171823e-12
2.09641268465767e-12,3.19667577622507e-12
2.09881607086677e-12,3.2017506266012e-12
2.10119984946757e-12,3.20681253351223e-12
2.10356393752875e-12,3.21186190416845e-12
2.10590825479314e-12,3.21689915227153e-12
2.10823272369275e-12,3.22192469795975e-12
2.11053726936298e-12,3.22693896775122e-12
2.11282181965628e-12,3.23194239448562e-12
2.11508630515505e-12,3.23693541726415e-12
2.11733065918397e-12,3.24191848138785e-12
2.11955481782154e-12,3.24689203829422e-12
2.12175871991098e-12,3.25185654549225e-12
2.12394230707046e-12,3.25681246649572e-12
2.12610552370258e-12,3.26176027075501e-12
2.12824831700317e-12,3.26670043358719e-12
2.13037063696946e-12,3.2716334361046e-12
2.13247243640741e-12,3.27655976514182e-12
2.13455367093842e-12,3.28147991318111e-12
2.13661429900534e-12,3.28639437827632e-12
2.13865428187768e-12,3.29130366397526e-12
2.1406735836562e-12,3.29620827924058e-12
2.14267217127669e-12,3.30110873836918e-12
2.1446500145131e-12,3.30600556091024e-12
2.14660708597994e-12,3.31089927158166e-12
2.14854336113384e-12,3.31579040018518e-12
2.1504588182746e-12,3.32067948152019e-12
2.15235343854528e-12,3.32556705529597e-12
2.15422720593171e-12,3.33045366604283e-12
2.15608010726125e-12,3.3353398630217e-12
2.15791213220076e-12,3.34022620013261e-12
2.1597232732539e-12,3.3451132358218e-12
2.16151352575765e-12,3.3500015329876e-12
2.1632828878782e-12,3.35489165888516e-12
2.16503136060595e-12,3.35978418502991e-12
2.16675894774993e-12,3.36467968709989e-12
2.16846565593145e-12,3.36957874483694e-12
2.17015149457695e-12,3.37448194194685e-12
2.17181647591026e-12,3.37938986599833e-12
2.17346061494402e-12,3.38430310832099e-12
2.17508392947044e-12,3.38922226390233e-12
2.17668644005136e-12,3.39414793128371e-12
2.17826817000752e-12,3.39908071245536e-12
2.1798291454072e-12,3.40402121275052e-12
2.18136939505413e-12,3.40897004073861e-12
2.18288895047464e-12,3.41392780811765e-12
2.18438784590419e-12,3.41889512960573e-12
2.18586611827316e-12,3.42387262283184e-12
2.18732380719197e-12,3.42886090822583e-12
2.18876095493544e-12,3.43386060890763e-12
2.1901776064266e-12,3.43887235057593e-12
2.19157380921969e-12,3.4438967613961e-12
2.19294961348257e-12,3.44893447188746e-12
2.19430507197839e-12,3.45398611481007e-12
2.19564024004673e-12,3.45905232505098e-12
2.19695517558389e-12,3.4641337395098e-12
2.1982499390227e-12,3.46923099698405e-12
2.19952459331161e-12,3.47434473805394e-12
2.20077920389315e-12,3.47947560496675e-12
2.20201383868175e-12,3.48462424152085e-12
2.20322856804098e-12,3.48979129294953e-12
2.20442346476011e-12,3.49497740580439e-12
2.20559860403014e-12,3.50018322783859e-12
2.20675406341914e-12,3.50540940788985e-12
