1.23801657861467e-12,1.86645344723289e-12
1.23870366490556e-12,1.87310734723447e-12
1.23939331500487e-12,1.87977818495709e-12
1.24008552976451e-12,1.88646595610931e-12
1.24078031003631e-12,1.89317065529725e-12
1.24147765666919e-12,1.89989227599099e-12
1.24217757050639e-12,1.90663081049098e-12
1.24288005238253e-12,1.91338624989453e-12
1.24358510312064e-12,1.92015858406235e-12
1.24429272352907e-12,1.92694780158521e-12
1.24500291439833e-12,1.93375388975071e-12
1.24571567649792e-12,1.94057683451022e-12
1.24643101057298e-12,1.94741662044595e-12
1.247148917341e-12,1.95427323073832e-12
1.24786939748835e-12,1.96114664713343e-12
1.24859245166686e-12,1.96803684991082e-12
1.24931808049026e-12,1.97494381785157e-12
1.25004628453061e-12,1.98186752820657e-12
1.25077706431468e-12,1.98880795666519e-12
1.25151042032028e-12,1.99576507732431e-12
1.25224635297254e-12,2.0027388626576e-12
1.2529848626402e-12,2.00972928348528e-12
1.25372594963179e-12,2.01673630894431e-12
1.25446961419187e-12,2.02375990645889e-12
1.25521585649715e-12,2.0308000417115e-12
1.2559646766527e-12,2.03785667861442e-12
1.25671607468805e-12,2.04492977928169e-12
1.2574700505533e-12,2.05201930400159e-12
1.25822660411529e-12,2.05912521120966e-12
1.25898573515365e-12,2.06624745746232e-12
1.25974744335696e-12,2.07338599741095e-12
1.26051172831885e-12,2.08054078377668e-12
1.26127858953409e-12,2.08771176732567e-12
1.26204802639479e-12,2.09489889684509e-12
1.26282003818651e-12,2.10210211911972e-12
1.26359462408446e-12,2.10932137890921e-12
1.26437178314967e-12,2.11655661892592e-12
1.26515151432524e-12,2.12380777981363e-12
1.26593381643261e-12,2.13107480012675e-12
1.26671868816784e-12,2.13835761631036e-12
1.26750612809795e-12,2.14565616268096e-12
1.2682961346573e-12,2.15297037140785e-12
1.26908870614407e-12,2.16030017249545e-12
1.26988384071667e-12,2.16764549376618e-12
1.27068153639036e-12,2.1750062608442e-12
1.27148179103378e-12,2.18238239713991e-12
1.27228460236568e-12,2.18977382383526e-12
1.27308996795164e-12,2.19718045986976e-12
1.27389788520083e-12,2.20460222192736e-12
1.27470835136296e-12,2.21203902442412e-12
1.27552136352519e-12,2.21949077949658e-12
1.27633691860923e-12,2.22695739699117e-12
1.27715501336839e-12,2.2344387844541e-12
1.27797564438484e-12,2.24193484712234e-12
1.27879880806695e-12,2.24944548791527e-12
1.27962450064663e-12,2.25697060742714e-12
1.28045271817685e-12,2.2645101039204e-12
1.28128345652927e-12,2.27206387331977e-12
1.28211671139191e-12,2.27963180920711e-12
1.28295247826699e-12,2.28721380281715e-12
1.2837907524688e-12,2.29480974303393e-12
1.28463152912179e-12,2.30241951638809e-12
1.28547480315867e-12,2.31004300705485e-12
1.28632056931867e-12,2.31768009685286e-12
1.28716882214596e-12,2.32533066524374e-12
1.28801955598807e-12,2.33299458933234e-12
1.28887276499459e-12,2.34067174386787e-12
1.28972844311582e-12,2.34836200124554e-12
1.2905865841017e-12,2.3560652315091e-12
1.2914471815008e-12,2.363781302354e-12
1.29231022865939e-12,2.3715100791312e-12
1.29317571872071e-12,2.37925142485168e-12
1.29404364462435e-12,2.38700520019157e-12
1.29491399910575e-12,2.39477126349796e-12
1.29578677469581e-12,2.40254947079521e-12
1.2966619637207e-12,2.41033967579197e-12
1.29753955830172e-12,2.41814172988869e-12
1.29841955035535e-12,2.42595548218565e-12
1.29930193159337e-12,2.43378077949159e-12
1.30018669352323e-12,2.4416174663328e-12
1.30107382744839e-12,2.44946538496259e-12
1.30196332446892e-12,2.45732437537139e-12
1.30285517548217e-12,2.46519427529705e-12
1.30374937118359e-12,2.47307492023575e-12
1.30464590206767e-12,2.48096614345309e-12
1.305544758429e-12,2.48886777599557e-12
1.30644593036347e-12,2.49677964670243e-12
1.3073494077696e-12,2.5047015822177e-12
1.30825518034995e-12,2.51263340700247e-12
1.30916323761272e-12,2.52057494334744e-12
1.31007356887344e-12,2.52852601138559e-12
1.3109861632567e-12,2.53648642910499e-12
1.31190100969815e-12,2.54445601236173e-12
1.31281809694645e-12,2.55243457489295e-12
1.31373741356547e-12,2.56042192832984e-12
1.31465894793648e-12,2.56841788221068e-12
1.31558268826053e-12,2.57642224399388e-12
1.31650862256088e-12,2.58443481907086e-12
1.31743673868551e-12,2.59245541077885e-12
1.31836702430981e-12,2.60048382041363e-12
1.3192994669393e-12,2.60851984724194e-12
1.32023405391238e-12,2.61656328851373e-12
1.32117077240328e-12,2.62461393947421e-12
1.32210960942501e-12,2.63267159337548e-12
1.32305055183241e-12,2.64073604148786e-12
1.32399358632524e-12,2.6488070731109e-12
1.32493869945138e-12,2.65688447558384e-12
1.32588587761005e-12,2.66496803429576e-12
1.3268351070551e-12,2.6730575326951e-12
1.32778637389836e-12,2.68115275229867e-12
1.32873966411299e-12,2.68925347270014e-12
1.32969496353695e-12,2.69735947157783e-12
1.33065225787639e-12,2.70547052470183e-12
1.33161153270919e-12,2.71358640594055e-12
1.33257277348844e-12,2.72170688726633e-12
1.33353596554593e-12,2.72983173876041e-12
1.33450109409572e-12,2.73796072861704e-12
1.33546814423762e-12,2.74609362314672e-12
1.3364371009608e-12,2.75423018677854e-12
1.3374079491472e-12,2.76237018206163e-12
1.33838067357512e-12,2.77051336966552e-12
1.33935525892267e-12,2.77865950837964e-12
1.34033168977118e-12,2.78680835511166e-12
1.34130995060869e-12,2.79495966488482e-12
1.34229002583328e-12,2.80311319083403e-12
1.34327189975638e-12,2.81126868420096e-12
1.34425555660606e-12,2.81942589432785e-12
1.34524098053022e-12,2.8275845686501e-12
1.34622815559974e-12,2.83574445268763e-12
1.3472170658115e-12,2.84390529003497e-12
1.34820769509137e-12,2.85206682234999e-12
1.34920002729709e-12,2.86022878934129e-12
1.35019404622101e-12,2.86839092875429e-12
1.35118973559279e-12,2.87655297635577e-12
1.35218707908194e-12,2.88471466591713e-12
1.35318606030027e-12,2.89287572919613e-12
1.35418666280412e-12,2.90103589591712e-12
1.35518887009663e-12,2.90919489374982e-12
1.35619266562964e-12,2.91735244828655e-12
1.35719803280565e-12,2.92550828301795e-12
1.35820495497947e-12,2.93366211930707e-12
1.35921341545977e-12,2.94181367636194e-12
1.36022339751045e-12,2.94996267120652e-12
1.36123488435182e-12,2.95810881865004e-12
1.36224785916156e-12,2.9662518312547e-12
1.36326230507556e-12,2.97439141930177e-12
1.36427820518847e-12,2.98252729075602e-12
1.36529554255412e-12,2.99065915122845e-12
1.36631430018561e-12,2.99878670393749e-12
1.36733446105533e-12,3.0069096496684e-12
1.36835600809458e-12,3.015027686731e-12
1.36937892419309e-12,3.0231405109159e-12
1.37040319219819e-12,3.03124781544881e-12
1.37142879491383e-12,3.03934929094342e-12
1.37245571509919e-12,3.04744462535243e-12
1.37348393546723e-12,3.05553350391707e-12
1.37451343868272e-12,3.06361560911485e-12
1.37554420736026e-12,3.07169062060571e-12
1.37657622406178e-12,3.07975821517664e-12
1.37760947129387e-12,3.08781806668454e-12
1.37864393150483e-12,3.09586984599756e-12
1.37967958708131e-12,3.10391322093487e-12
1.38071642034478e-12,3.11194785620485e-12
1.38175441354757e-12,3.11997341334178e-12
1.38279354886866e-12,3.12798955064097e-12
1.3838338084091e-12,3.1359959230924e-12
1.38487517418714e-12,3.14399218231304e-12
1.38591762813306e-12,3.15197797647757e-12
1.38696115208351e-12,3.15995295024784e-12
1.38800572777572e-12,3.1679167447009e-12
1.38905133684121e-12,3.17586899725579e-12
1.3900979607992e-12,3.183809341599e-12
1.3911455810497e-12,3.19173740760874e-12
1.39219417886617e-12,3.19965282127796e-12
1.39324373538791e-12,3.20755520463637e-12
1.39429423161199e-12,3.21544417567115e-12
1.39534564838496e-12,3.22331934824695e-12
1.39639796639399e-12,3.23118033202449e-12
1.39745116615787e-12,3.23902673237867e-12
1.39850522801742e-12,3.24685815031542e-12
1.39956013212575e-12,3.25467418238809e-12
1.40061585843795e-12,3.26247442061285e-12
1.40167238670052e-12,3.27025845238349e-12
1.40272969644041e-12,3.27802586038564e-12
1.4037877669537e-12,3.28577622251048e-12
1.40484657729382e-12,3.29350911176782e-12
1.40590610625952e-12,3.30122409619899e-12
1.40696633238239e-12,3.30892073878928e-12
1.40802723391403e-12,3.31659859738015e-12
1.40908878881288e-12,3.32425722458139e-12
1.4101509747306e-12,3.331896167683e-12
1.41121376899818e-12,3.33951496856732e-12
1.41227714861166e-12,3.34711316362103e-12
1.41334109021741e-12,3.35469028364747e-12
1.41440557009721e-12,3.36224585377922e-12
1.4154705641528e-12,3.36977939339094e-12
1.41653604789025e-12,3.37729041601281e-12
1.41760199640382e-12,3.38477842924444e-12
1.41866838435963e-12,3.3922429346694e-12
1.41973518597887e-12,3.39968342777059e-12
1.42080237502079e-12,3.40709939784645e-12
1.42186992476525e-12,3.41449032792794e-12
1.42293780799505e-12,3.4218556946969e-12
1.4240059969779e-12,3.42919496840527e-12
1.42507446344806e-12,3.43650761279573e-12
1.42614317858777e-12,3.44379308502373e-12
1.42721211300828e-12,3.45105083558089e-12
1.42828123673066e-12,3.45828030822015e-12
1.42935051916631e-12,3.46548093988243e-12
1.43041992909726e-12,3.47265216062537e-12
1.43148943465608e-12,3.47979339355368e-12
1.43255900330569e-12,3.48690405475191e-12
1.43362860181885e-12,3.49398355321905e-12
1.43469819625743e-12,3.50103129080561e-12
1.43576775195145e-12,3.508046662153e-12
1.43683723347794e-12,3.51502905463554e-12
1.43790660463959e-12,3.52197784830497e-12
1.43897582844322e-12,3.52889241583779e-12
1.44004486707802e-12,3.53577212248544e-12
1.44111368189374e-12,3.54261632602755e-12
1.4421822333786e-12,3.54942437672816e-12
1.44325048113717e-12,3.55619561729529e-12
1.44431838386805e-12,3.56292938284387e-12
1.44538589934147e-12,3.56962500086201e-12
1.44645298437681e-12,3.57628179118101e-12
1.44751959481999e-12,3.58289906594902e-12
1.44858568552082e-12,3.58947612960853e-12
1.44965121031033e-12,3.59601227887777e-12
1.45071612197794e-12,3.60250680273628e-12
1.45178037224875e-12,3.60895898241461e-12
1.45284391176074e-12,3.61536809138828e-12
1.45390669004197e-12,3.62173339537622e-12
1.45496865548785e-12,3.62805415234375e-12
1.4560297553384e-12,3.63432961251016e-12
1.45708993565559e-12,3.64055901836111e-12
1.45814914130076e-12,3.64674160466586e-12
1.4592073159121e-12,3.65287659849953e-12
1.46026440188225e-12,3.65896321927036e-12
1.46132034033606e-12,3.66500067875236e-12
1.46237507110839e-12,3.67098818112302e-12
1.46342853272221e-12,3.67692492300671e-12
1.46448066236673e-12,3.6828100935233e-12
1.46553139587586e-12,3.68864287434272e-12
1.46658066770677e-12,3.69442243974493e-12
1.46762841091876e-12,3.70014795668591e-12
1.46867455715236e-12,3.70581858486952e-12
1.46971903660867e-12,3.71143347682522e-12
1.47076177802903e-12,3.71699177799213e-12
1.47180270867497e-12,3.722492626809e-12
1.47284175430852e-12,3.72793515481064e-12
1.47387883917283e-12,3.73331848673063e-12
1.47491388597314e-12,3.73864174061033e-12
1.47594681585824e-12,3.74390402791461e-12
1.47697754840221e-12,3.74910445365396e-12
1.47800600158665e-12,3.75424211651334e-12
1.47903209178336e-12,3.75931610898764e-12
1.48005573373745e-12,3.7643255175241e-12
1.48107684055096e-12,3.76926942267122e-12
1.48209532366696e-12,3.77414689923491e-12
1.48311109285425e-12,3.77895701644138e-12
1.48412405619248e-12,3.78369883810698e-12
1.48513412005793e-12,3.78837142281516e-12
1.48614118910982e-12,3.79297382410048e-12
1.4871451662773e-12,3.79750509063971e-12
1.48814595274692e-12,3.80196426644997e-12
1.48914344795094e-12,3.8063503910942e-12
1.49013754955608e-12,3.81066249989372e-12
1.49112815345312e-12,3.81489962414792e-12
1.49211515374714e-12,3.81906079136136e-12
1.49309844274845e-12,3.82314502547786e-12
1.49407791096434e-12,3.82715134712208e-12
1.49505344709143e-12,3.8310787738481e-12
1.496024938009e-12,3.83492632039534e-12
1.49699226877296e-12,3.83869299895178e-12
1.49795532261065e-12,3.84237781942414e-12
1.49891398091655e-12,3.84597978971556e-12
1.49986812324872e-12,3.8494979160102e-12
1.50081762732622e-12,3.85293120306507e-12
1.50176236902729e-12,3.85627865450894e-12
1.50270222238854e-12,3.85953927314842e-12
1.50363705960497e-12,3.86271206128081e-12
1.50456675103094e-12,3.86579602101418e-12
1.50549116518212e-12,3.86879015459423e-12
1.50641016873834e-12,3.87169346473794e-12
1.50732362654745e-12,3.87450495497416e-12
1.50823140163018e-12,3.87722362999083e-12
1.50913335518596e-12,3.87984849598882e-12
1.5100293465998e-12,3.88237856104232e-12
1.51091923345018e-12,3.88481283546575e-12
1.51180287151798e-12,3.88715033218698e-12
1.51268011479646e-12,3.88939006712691e-12
1.51355081550235e-12,3.89153105958504e-12
1.51441482408793e-12,3.89357233263132e-12
1.51527198925432e-12,3.89551291350374e-12
1.51612215796575e-12,3.89735183401192e-12
1.51696517546505e-12,3.89908813094618e-12
1.51780088529016e-12,3.90072084649237e-12
1.51862912929183e-12,3.90224902865199e-12
1.51944974765245e-12,3.90367173166762e-12
1.52026257890602e-12,3.90498801645352e-12
