1.6209039433297e-12,8.1065739477792e-13
1.61763384137262e-12,8.08468421387295e-13
1.61434155075139e-12,8.06357068526519e-13
1.61102821709987e-12,8.0432344240289e-13
1.60769496379346e-12,8.02367619820292e-13
1.60434289165159e-12,8.00489649121713e-13
1.600973078671e-12,7.98689551144618e-13
1.5975865797896e-12,7.96967320187594e-13
1.59418442668059e-12,7.95322924986827e-13
1.59076762757652e-12,7.93756309700803e-13
1.58733716712311e-12,7.92267394901781e-13
1.58389400626228e-12,7.9085607857247e-13
1.58043908214414e-12,7.89522237106465e-13
1.57697330806747e-12,7.88265726310908e-13
1.57349757344814e-12,7.87086382409913e-13
1.57001274381519e-12,7.85984023047317e-13
1.56651966083378e-12,7.84958448287286e-13
1.5630191423547e-12,7.84009441611396e-13
1.55951198248975e-12,7.83136770910723e-13
1.55599895171237e-12,7.82340189471695e-13
1.55248079698296e-12,7.81619436954201e-13
1.5489582418982e-12,7.80974240360797e-13
1.54543198686371e-12,7.80404314995607e-13
1.54190270928934e-12,7.79909365411743e-13
1.53837106380639e-12,7.79489086345968e-13
1.53483768250602e-12,7.79143163639462e-13
1.5313031751981e-12,7.78871275143523e-13
1.52776812968973e-12,7.78673091609095e-13
1.52423311208261e-12,7.78548277559048e-13
1.52069866708857e-12,7.78496492142222e-13
1.51716531836231e-12,7.78517389968189e-13
1.5136335688506e-12,7.78610621921855e-13
1.51010390115717e-12,7.78775835956948e-13
1.50657677792231e-12,7.79012677867586e-13
1.50305264221642e-12,7.79320792037125e-13
1.49953191794665e-12,7.79699822163472e-13
1.49601501027579e-12,7.80149411960236e-13
1.49250230605249e-12,7.80669205833018e-13
1.48899417425196e-12,7.8125884953022e-13
1.48549096642638e-12,7.81917990767855e-13
1.48199301716396e-12,7.82646279827828e-13
1.47850064455607e-12,7.8344337012923e-13
1.47501415067123e-12,7.84308918772271e-13
1.47153382203545e-12,7.85242587054453e-13
1.46805993011785e-12,7.86244040958752e-13
1.46459273182078e-12,7.87312951613475e-13
1.46113246997361e-12,7.88448995723716e-13
1.45767937382937e-12,7.89651855974098e-13
1.45423365956342e-12,7.90921221402921e-13
1.45079553077331e-12,7.92256787747477e-13
1.44736517897912e-12,7.93658257760666e-13
1.44394278412342e-12,7.95125341498939e-13
1.44052851507007e-12,7.96657756581669e-13
1.43712253010125e-12,7.98255228422115e-13
1.43372497741183e-12,7.99917490430179e-13
1.43033599560043e-12,8.01644284187256e-13
1.42695571415646e-12,8.03435359593389e-13
1.42358425394253e-12,8.05290474987189e-13
1.42022172767139e-12,8.07209397238797e-13
1.41686824037703e-12,8.09191901816432e-13
1.41352388987902e-12,8.11237772826907e-13
1.41018876723975e-12,8.13346803030708e-13
1.40686295721386e-12,8.15518793832159e-13
1.40354653868928e-12,8.17753555245246e-13
1.40023958511951e-12,8.20050905835803e-13
1.39694216494646e-12,8.22410672640663e-13
1.39365434201347e-12,8.24832691064518e-13
1.39037617596805e-12,8.27316804755204e-13
1.38710772265384e-12,8.29862865458181e-13
1.38384903449152e-12,8.32470732851037e-13
1.38060016084813e-12,8.35140274358773e-13
1.37736114839458e-12,8.3787136495078e-13
1.37413204145096e-12,8.40663886920362e-13
1.37091288231936e-12,8.43517729647683e-13
1.36770371160396e-12,8.4643278934708e-13
1.36450456851806e-12,8.49408968799658e-13
1.36131549117797e-12,8.52446177072139e-13
1.35813651688343e-12,8.55544329222875e-13
1.35496768238447e-12,8.58703345996111e-13
1.35180902413455e-12,8.61923153505352e-13
1.34866057852988e-12,8.65203682906936e-13
1.34552238213485e-12,8.68544870064779e-13
1.34239447189338e-12,8.71946655207291e-13
1.33927688532644e-12,8.75408982577472e-13
1.33616966071536e-12,8.78931800077274e-13
1.3330728372713e-12,8.82515058907099e-13
1.32998645529064e-12,8.86158713201604e-13
1.32691055629655e-12,8.89862719662679e-13
1.32384518316673e-12,8.93627037190713e-13
1.32079038024744e-12,8.97451626515012e-13
1.31774619345397e-12,9.01336449824497e-13
1.31471267035778e-12,9.05281470399497e-13
1.31168986026031e-12,9.09286652245702e-13
1.30867781425384e-12,9.13351959731178e-13
1.30567658526954e-12,9.1747735722732e-13
1.30268622811294e-12,9.21662808754738e-13
1.29970679948714e-12,9.25908277634844e-13
1.29673835800392e-12,9.30213726148113e-13
1.29378096418325e-12,9.34579115199728e-13
1.29083468044125e-12,9.39004403993575e-13
1.28789957106718e-12,9.43489549715179e-13
1.28497570218963e-12,9.48034507224517e-13
1.28206314173233e-12,9.52639228759311e-13
1.27916195936001e-12,9.57303663649571e-13
1.27627222641454e-12,9.62027758043969e-13
1.27339401584199e-12,9.66811454648774e-13
1.27052740211071e-12,9.71654692479868e-13
1.26767246112115e-12,9.76557406628445e-13
1.26482927010763e-12,9.8151952804087e-13
1.26199790753262e-12,9.86540983313287e-13
1.25917845297396e-12,9.91621694501286e-13
1.25637098700533e-12,9.9676157894519e-13
1.25357559107069e-12,1.00196054911122e-12
1.25079234735292e-12,1.00721851244892e-12
1.24802133863723e-12,1.01253537126522e-12
1.24526264816974e-12,1.01791102261518e-12
1.24251635951187e-12,1.02334535820989e-12
1.23978255639075e-12,1.0288382643415e-12
1.23706132254637e-12,1.03438962182565e-12
1.2343527415758e-12,1.03999930596127e-12
1.23165689677495e-12,1.04566718650796e-12
1.22897387097844e-12,1.05139312768079e-12
1.22630374639794e-12,1.05717698816264e-12
1.22364660445952e-12,1.06301862113392e-12
1.22100252564037e-12,1.06891787431961e-12
1.21837158930544e-12,1.07487459005344e-12
1.21575387354446e-12,1.08088860535908e-12
1.2131494550096e-12,1.08695975204804e-12
1.21055840875441e-12,1.09308785683408e-12
1.20798080807441e-12,1.09927274146381e-12
1.2054167243496e-12,1.10551422286314e-12
1.20286622688948e-12,1.11181211329921e-12
1.20032938278092e-12,1.11816622055739e-12
1.19780625673911e-12,1.12457634813299e-12
1.19529691096227e-12,1.13104229543701e-12
1.19280140499012e-12,1.13756385801572e-12
1.19031979556671e-12,1.1441408277832e-12
1.18785213650788e-12,1.15077299326664e-12
1.18539847857356e-12,1.15746013986344e-12
1.18295886934539e-12,1.16420205010982e-12
1.18053335310978e-12,1.17099850396006e-12
1.1781219707468e-12,1.17784927907589e-12
1.17572475962511e-12,1.18475415112513e-12
1.17334175350317e-12,1.19171289408914e-12
1.17097298243691e-12,1.19872528057808e-12
1.16861847269425e-12,1.20579108215342e-12
1.16627824667636e-12,1.21291006965691e-12
1.16395232284616e-12,1.22008201354511e-12
1.16164071566398e-12,1.22730668422887e-12
1.1593434355306e-12,1.23458385241684e-12
1.15706048873785e-12,1.24191328946223e-12
1.15479187742676e-12,1.24929476771201e-12
1.15253759955351e-12,1.25672806085777e-12
1.15029764886303e-12,1.26421294428725e-12
1.1480720148705e-12,1.27174919543597e-12
1.14586068285074e-12,1.2793365941379e-12
1.1436636338354e-12,1.28697492297441e-12
1.14148084461812e-12,1.29466396762074e-12
1.1393122877675e-12,1.30240351718914e-12
1.13715793164792e-12,1.31019336456771e-12
1.13501774044819e-12,1.31803330675441e-12
1.13289167421787e-12,1.3259231451852e-12
1.13077968891123e-12,1.33386268605565e-12
1.12868173643883e-12,1.34185174063516e-12
1.12659776472644e-12,1.34989012557316e-12
1.12452771778136e-12,1.35797766319639e-12
1.12247153576579e-12,1.36611418179661e-12
1.12042915507729e-12,1.37429951590808e-12
1.11840050843607e-12,1.38253350657403e-12
1.11638552497888e-12,1.39081600160146e-12
1.11438413035942e-12,1.39914685580379e-12
1.11239624685491e-12,1.40752593123044e-12
1.11042179347874e-12,1.41595309738307e-12
1.10846068609894e-12,1.42442823141773e-12
1.10651283756205e-12,1.43295121833242e-12
1.10457815782244e-12,1.44152195113951e-12
1.10265655407655e-12,1.45014033102276e-12
1.10074793090191e-12,1.45880626747817e-12
1.09885219040058e-12,1.46751967843848e-12
1.09696923234685e-12,1.47628049038094e-12
1.09509895433875e-12,1.48508863841789e-12
1.09324125195308e-12,1.49394406636989e-12
1.09139601890381e-12,1.50284672682121e-12
1.08956314720335e-12,1.51179658115735e-12
1.08774252732642e-12,1.52079359958443e-12
1.08593404837628e-12,1.5298377611303e-12
1.0841375982528e-12,1.53892905362722e-12
1.08235306382234e-12,1.54806747367606e-12
1.08058033108874e-12,1.55725302659195e-12
1.07881928536538e-12,1.56648572633145e-12
1.07706981144782e-12,1.57576559540105e-12
1.07533179378676e-12,1.58509266474747e-12
1.07360511666088e-12,1.5944669736294e-12
1.07188966434938e-12,1.60388856947121e-12
1.07018532130374e-12,1.61335750769866e-12
1.06849197231844e-12,1.62287385155674e-12
1.06680950270034e-12,1.63243767191014e-12
1.06513779843629e-12,1.64204904702645e-12
1.06347674635883e-12,1.65170806234249e-12
1.06182623430939e-12,1.66141481021421e-12
1.06018615129904e-12,1.67116938965046e-12
1.05855638766615e-12,1.68097190603108e-12
1.05693683523088e-12,1.69082247080994e-12
1.05532738744613e-12,1.70072120120326e-12
1.05372793954468e-12,1.71066821986379e-12
1.05213838868223e-12,1.72066365454152e-12
1.05055863407615e-12,1.73070763773142e-12
1.04898857713959e-12,1.74080030630887e-12
1.04742812161078e-12,1.75094180115341e-12
1.04587717367724e-12,1.76113226676166e-12
1.04433564209469e-12,1.77137185084979e-12
1.04280343830052e-12,1.78166070394666e-12
1.04128047652143e-12,1.79199897897805e-12
1.03976667387535e-12,1.80238683084296e-12
1.03826195046712e-12,1.81282441598276e-12
1.03676622947806e-12,1.82331189194384e-12
1.03527943724912e-12,1.83384941693483e-12
1.03380150335747e-12,1.84443714937902e-12
1.03233236068657e-12,1.85507524746297e-12
1.03087194548933e-12,1.86576386868206e-12
1.02942019744455e-12,1.87650316938404e-12
1.02797705970633e-12,1.88729330431124e-12
1.02654247894658e-12,1.89813442614244e-12
1.02511640539038e-12,1.90902668503539e-12
1.02369879284431e-12,1.91997022817065e-12
1.02228959871758e-12,1.9309651992978e-12
1.02088878403613e-12,1.94201173828491e-12
1.01949631344948e-12,1.95310998067214e-12
1.01811215523051e-12,1.96426005723027e-12
1.01673628126819e-12,1.97546209352518e-12
1.01536866705317e-12,1.98671620948906e-12
1.01400929165643e-12,1.99802251899923e-12
1.012658137701e-12,2.00938112946544e-12
1.01131519132686e-12,2.02079214142644e-12
1.00998044214902e-12,2.03225564815666e-12
1.0086538832091e-12,2.04377173528385e-12
1.00733551092023e-12,2.05534048041832e-12
1.00602532500575e-12,2.06696195279477e-12
1.00472332843155e-12,2.07863621292719e-12
1.0034295273324e-12,2.0903633122777e-12
1.00214393093238e-12,2.10214329294011e-12
1.0008665514596e-12,2.11397618733854e-12
9.99597404055338e-13,2.12586201794214e-12
9.98336506677966e-13,2.13780079699613e-12
9.97083880001643e-13,2.14979252627016e-12
9.95839547310257e-13,2.16183719682402e-12
9.94603534386585e-13,2.17393478879172e-12
9.93375869397146e-13,2.18608527118408e-12
9.92156582772817e-13,2.19828860171038e-12
9.90945707085583e-13,2.21054472661946e-12
9.89743276921645e-13,2.22285358056075e-12
9.88549328751114e-13,2.23521508646527e-12
9.87363900794632e-13,2.24762915544732e-12
9.86187032887211e-13,2.26009568672664e-12
9.85018766339453e-13,2.27261456757165e-12
9.83859143796614e-13,2.2851856732637e-12
9.82708209095667e-13,2.29780886708254e-12
9.81566007120753e-13,2.31048400031311e-12
9.80432583657256e-13,2.32321091227366e-12
9.79307985244829e-13,2.33598943036522e-12
9.78192259029706e-13,2.34881937014245e-12
9.77085452616553e-13,2.36170053540564e-12
9.75987613920164e-13,2.37463271831382e-12
9.74898791017378e-13,2.38761569951892e-12
9.73819031999418e-13,2.40064924832057e-12
9.72748384825049e-13,2.41373312284146e-12
9.71686897174749e-13,2.42686707022283e-12
9.70634616306323e-13,2.44005082683998e-12
9.69591588912128e-13,2.45328411853711e-12
9.68557860978262e-13,2.4665666608814e-12
9.6753347764602e-13,2.47989815943568e-12
9.66518483075816e-13,2.49327831004926e-12
9.65512920313954e-13,2.50670679916642e-12
9.64516831162429e-13,2.52018330415203e-12
9.63530256052036e-13,2.53370749363353e-12
9.62553233919106e-13,2.54727902785892e-12
9.61585802086029e-13,2.56089755906986e-12
9.60627996145837e-13,2.57456273188927e-12
9.59679849851133e-13,2.58827418372279e-12
9.58741395007455e-13,2.6020315451732e-12
9.57812661371455e-13,2.6158344404671e-12
9.56893676553947e-13,2.62968248789306e-12
9.559844659281e-13,2.64357530025037e-12
9.55085052542942e-13,2.65751248530755e-12
9.54195457042344e-13,2.67149364626975e-12
9.53315697589584e-13,2.68551838225415e-12
9.52445789797799e-13,2.69958628877238e-12
9.51585746666241e-13,2.7136969582192e-12
9.50735578522662e-13,2.72784998036632e-12
9.49895292971787e-13,2.74204494286045e-12
9.49064894850095e-13,2.75628143172473e-12
9.482443861869e-13,2.77055903186236e-12
9.4743376617186e-13,2.78487732756173e-12
9.46633031128953e-13,2.79923590300174e-12
9.45842174496961e-13,2.81363434275657e-12
9.45061186816526e-13,2.82807223229885e-12
9.44290055723776e-13,2.84254915850018e-12
9.43528765950483e-13,2.85706471012813e-12
9.42777299330877e-13,2.8716184783386e-12
9.42035634814921e-13,2.8862100571627e-12
